25.049071
25.082896
24.1504863
37.79835
32.9412972
37.7975054
38.6122599
37.7853763
38.40443
1.2796271
1.30626
1.2896459
55.6833118
59.9075293
59.3341673
55.7040847
22.282766
22.2857149
22.2808567
22.296572
22.189949
22.2814635
22.190475
22.281199
22.149137
22.2814401
52.5153644
51.4571608
48.1447975
48.5369113
48.5205845
52.5283507
52.4331722
49.9377323
49.8776003
49.5351732
53.5426688
51.5126775
54.20103
51.505445
51.510188
51.5078582
51.5126689
51.4854381
51.5091092
50.9374466
51.228828
50.9039501
43.2665849
45.3690463
48.8643947
43.0481728
45.1386734
49.2478347
46.01033
45.9176317
47.0237104
43.2110889
43.696604
48.8639374
45.4094877
48.871762
48.855731
48.855494
43.7391839
46.9078385
48.8687604
43.7402659
44.9177848
48.8588148
48.8732506
45.82354
48.8660932
43.2803346
43.2701104
43.7859304
46.2201083
48.2539745
39.946681
39.94638
31.221807
31.240358
41.3936278
41.4103822
41.3865273
43.3027805
39.4730183
38.8537884
36.6033273
40.4582913
43.2664755
43.26065
41.9932026
43.4124884
43.3214016
35.669667
35.624038
35.660299
35.655993
35.700701
35.673583
35.701212
35.668923
35.649578
35.641903
35.6658
35.590865
44.6448099
41.77379
43.770066
45.7964778
45.1712728
45.6756778
41.9187946
44.7005555
43.7194609
45.4215425
45.4516
47.0002941
46.553994
46.7211969
47.5604261
37.53644
40.7560823
40.7680545
40.76177
40.76819
40.7415543
34.770287
35.010397
35.002993
35.011328
35.001599
34.998881
34.688612
34.673353
35.001535
38.7134767
41.9132737
47.5001729
47.64778
30.669182
30.5833001
25.0507432
25.035223
25.0356024
25.039609
22.6061726
25.0827948
34.0338072
37.8246825
34.02526
37.79167
34.083576
37.779495
34.082251
37.76327
37.7602404
37.7712406
34.0245412
39.135876
23.137134
23.118473
23.138026
1.283175
1.280977
1.2795451
1.293387
1.2863698
1.2862377
55.7270112
55.6831927
55.6940951
58.9739705
55.6954973
59.2843177
59.3207155
55.6046461
60.1653036
62.13667
55.7481701
56.124947
55.6722948
55.6787423
59.4517084
25.114932
25.2104546
25.0992961
34.68575
34.692643
34.675974
34.686899
25.814444
22.2801399
22.2825493
22.1886966
22.188028
22.1501736
22.2860122
22.2823708
22.1473845
22.30099
22.2799005
22.3032802
22.2855757
22.189952
22.2831268
22.2805311
22.293337
22.283146
22.284338
51.8473893
51.3773498
52.3676602
50.8144424
52.39688
52.6601173
52.74574
51.3793
52.3509952
51.4765594
51.3780193
51.9162456
52.2997964
52.3486359
52.365884
52.36478
52.3692878
51.903823
50.7967588
51.9265521
50.1207676
47.6938521
48.3710103
47.8404612
50.1214911
48.1402487
50.1073707
50.4389346
48.259724
49.2295502
49.2349097
51.9638925
54.8225486
49.4858598
48.7128772
50.9665691
48.1766707
54.8536822
50.5509788
49.3172819
48.4574092
48.1383054
49.455062
47.4620032
53.565225
47.6671426
51.3463665
53.5554424
49.4575467
53.5374323
52.3701441
49.0062467
48.1697565
49.4078848
50.9274173
53.5430154
47.9655184
52.5159333
49.3383934
52.5070342
49.2436455
52.5090625
52.4963922
52.3700128
47.8213714
47.7856302
54.3025337
52.4900681
48.137597
51.5100201
52.5445284
51.5166827
51.531197
51.4930091
51.7169058
51.5696616
52.2120545
51.5112997
56.2832316
54.5665058
52.9251069
51.5021106
53.3384135
51.4835036
51.5127392
51.527157
51.5203616
51.4933623
53.5423365
53.3013566
51.5101629
51.5025341
53.354379
50.7995831
51.0295141
50.9119799
50.4833038
51.2309534
51.2023273
50.7298541
51.207236
49.5978074
51.0957136
51.2145635
50.3636851
50.7842411
50.5927328
51.0431658
50.8437035
50.8720569
49.959957
50.9152264
51.341769
51.0511061
50.8442546
45.8072811
49.2410909
44.8934495
45.8156437
43.727378
45.7704797
45.767953
46.1553629
48.8813365
41.5948102
45.40243
44.7169426
47.3212722
45.7714309
43.7787609
45.41616
45.8889235
48.6430654
47.5830038
48.8486151
43.2013363
48.8701983
48.8671459
48.8566248
43.5716556
48.8697309
48.874195
48.8658943
45.7449451
48.8796819
46.7567708
48.8499883
48.1386233
48.0755636
44.84241
48.8602663
43.590856
48.1844003
49.0033254
44.8442761
50.5819943
47.9833796
45.7886787
44.73119
44.606014
43.7488966
44.5493811
49.2528638
47.2797873
46.9992762
43.745144
48.8662069
48.9185
45.4122032
48.1804523
43.1923476
48.8707602
48.4621258
45.1417394
47.1547317
48.8673498
48.8720257
43.1743172
43.7014072
43.8388191
50.4710226
48.86525
45.8393308
43.7682129
44.6807175
45.5166376
43.599313
48.2313246
47.7935688
48.2043967
48.2058003
48.2107279
47.8361594
39.930881
39.910992
39.910623
31.22318
31.22789
31.2423721
31.206108
31.239767
31.242798
31.229464
31.204708
31.244394
13.722148
13.73148
13.72388
13.72654
13.7215006
13.7108084
41.3911693
41.3879756
41.3882671
41.9877609
37.8897516
41.3867832
38.8696375
43.4184082
41.3784999
38.7101662
43.2722067
39.8619154
38.7570756
36.74161
42.3257846
38.7104102
40.4385556
37.92464
42.1946503
42.4752854
36.5114458
28.1018325
37.1008268
43.3168594
41.1336845
37.08059
39.469784
42.909132
40.4176733
42.3710822
28.171041
39.6690394
42.40942
40.4284323
38.7701412
40.430643
40.4246847
41.2027411
35.66558
35.655769
35.637444
35.66344
35.681929
35.657331
35.659411
35.671585
35.670494
35.670064
35.673471
35.668231
35.678083
35.661579
35.647881
35.647433
35.718485
35.706847
35.671572
35.699468
35.671688
35.64751
35.680327
35.67321
35.65825
35.664729
35.673039
35.670064
35.68274
35.641907
35.671411
35.671184
35.67308
35.669269
35.667938
35.669635
35.668529
35.672277
35.658713
45.4413057
44.3557172
45.4694121
43.8809756
41.89793
40.5857091
45.0271679
41.916491
45.9579164
46.8511074
37.1070131
45.6135819
43.4221
45.486885
40.5559154
45.3848934
41.9086474
45.3881476
44.63505
43.77173
40.9083323
44.0731058
46.6521107
41.2045624
46.6862223
46.1022873
45.6497242
40.6606947
43.6806944
45.4421602
37.8554565
45.693253
43.0584193
40.7302578
42.6220221
36.9267762
40.4292596
45.458435
47.2238496
46.4998838
46.6226102
47.4215585
46.7775083
47.3722176
47.3719489
47.3726725
47.5701609
46.5080909
46.4776485
47.0169188
47.3670912
47.4460884
47.0003991
47.3155646
46.201566
47.5957416
47.5336861
46.1502453
47.3904963
47.0151885
46.1507302
37.525584
37.52437
37.52533
37.555813
37.56462
37.51346
37.52559
37.51933
41.058398
41.1007146
40.76907
40.718685
40.76106
40.7246476
40.75397
40.76078
40.7125069
40.7168498
40.7443058
40.7667521
40.706144
40.7433439
35.00237
35.001444
35.002538
34.662195
35.003449
34.697522
34.998809
35.233154
34.697954
34.686929
34.71394
35.01947
34.683037
35.022114
35.050744
34.760534
35.003191
34.699892
35.006215
35.035717
34.999797
35.002611
35.027601
35.000915
35.003349
34.685818
34.698372
35.002343
35.001635
37.9388218
43.6723401
46.2472961
50.04862
38.896294
38.880707
38.9158847
41.8867166
41.8862095
41.8850485
41.8469648
40.4158561
39.48512
32.6382988
-23.5661809
-22.95747
-22.98601
47.4889155
47.492668
47.4993951
47.5010955
47.7931391
47.4938437
47.4904
39.18857
39.7609504
39.7527561
39.77277
40.0193351
30.639715
30.5856
30.622636
30.685754
30.5849924
30.584093
30.61529
30.5836826
30.667097
30.653874
30.654727
24.16108
25.0813272
25.03634
25.0544699
25.043045
25.0825007
24.160425
25.06614
25.0539984
25.062841
25.036207
25.118368
25.0239343
25.054178
25.0380165
25.080373
22.6060838
24.1509806
25.0530031
25.0460871
25.061628
25.03458
24.16003
25.0446816
25.055801
25.0558134
25.0334532
25.0548655
25.0803851
25.0565712
25.0590094
25.0402806
22.6291861
25.0628
24.1379723
37.7816766
34.7440264
34.0552303
33.6904299
37.7902661
34.0834565
34.1587607
37.78371
37.39468
37.7915182
34.1567212
37.7979903
37.7863767
32.7483809
37.565075
38.5665938
37.7972584
34.046883
33.1631027
32.7627776
37.974712
38.564058
34.0244469
35.5757084
37.798435
37.79371
34.0683345
36.55406
34.064346
37.785267
34.0484698
37.7855421
37.427853
37.4685638
37.793167
37.788334
38.58382
37.7841057
33.6778676
33.8403635
34.044155
34.0834246
37.52114
34.0979419
37.8058115
38.29924
37.7697497
34.0319303
37.783737
33.775291
37.2563623
37.42897
37.4871305
38.49199
34.0500651
34.1166298
35.6563869
33.1945986
34.4200948
34.0683993
34.0462901
38.60977
37.761698
36.5569588
38.706504
37.7595744
34.0456789
38.48874
23.110752
23.1214657
23.114612
23.1103013
23.108321
22.83158
23.138026
23.119891
23.108321
23.117404
23.136923
23.137162
23.12226
23.119916
23.11883
23.137287
1.2908104
1.2829563
1.2775327
1.2783977
1.3058588
1.3107414
1.2811682
1.3052
1.2794339
1.2798686
1.27802
1.2943463
1.2789446
1.304144
1.3095414
1.2955388
1.2782652
1.28086
1.2959028
1.301757
1.29538
1.3059244
1.3080956
1.291284
1.2857261
1.305105
1.3067825
1.304735
1.28702
1.302395
1.3048886
1.30516
1.29993
1.28033
1.2898356
1.2935989
1.2803952
1.2801633
1.2951612
1.3046521
1.25569
1.3020801
1.2874604
1.2779413
1.2808996
1.2849725
52.2290249
52.4038298
42.6415506
44.571006
43.7360494
45.810998
42.9617461
45.08241
45.716023
45.2757908
45.0747789
44.5308235
45.3470174
58.0410997
64.1443654
59.3357675
63.4339936
59.3298189
60.1719038
57.4766654
58.9699926
55.771236
57.675447
58.9697479
55.9097107
59.3495123
59.9141305
55.0045738
59.9195698
57.6981746
57.6972681
59.9094664
55.6870523
55.8134465
60.396319
55.7324289
59.3430072
56.8789279
60.3893347
55.7089431
59.9171363
56.958207
54.9139503
55.4022012
59.9238866
55.1244654
59.3367688
55.6806399
59.9281988
56.7820975
63.4318148
55.6625132
57.7062968
63.442559
59.3411916
59.9290387
60.4467293
60.1680792
59.922727
56.1565646
64.1446561
55.6706842
60.1648421
59.9093941
59.9203231
57.0649323
55.5597311
57.6986003
55.7060238
56.1870316
56.1655264
57.6979745
56.1590312
63.879826
60.1646073
10.7719227
21.0258394
21.0276189
21.0290282
30.251754
30.22811
30.2653563
30.2636133
30.22914
30.21818
59.4951028
25.1414067
25.1080813
25.132511
25.2156197
25.2234452
25.1972151
25.1325532
25.1384573
25.2168806
25.2199042
25.2106143
34.508241
34.489565
34.68574
34.518038
34.6745317
34.698843
34.708834
34.351673
34.483144
34.684906
34.685921
34.678633
34.676787
34.680423
34.685875
34.708276
34.509299
34.74072
34.472669
34.68209
25.8525031
27.96251
28.5931796
28.4030152
25.878331
25.7276768
25.8008242
25.7695211
27.94373
25.8239451
28.5687259
25.7704634
28.4056024
25.812906
25.814538
25.7250911
25.770023
27.94191
22.2850591
22.2815097
22.2806182
22.2817911
22.2850215
22.2830193
22.2781199
22.294992
22.2821483
22.2783246
22.286467
22.2960349
22.294118
22.3080802
22.2821779
22.286618
22.2806394
22.2850438
22.1619565
22.148754
22.2770061
22.1911977
22.28471
22.2957587
22.2813924
22.2850013
22.2806256
22.2801332
22.26921
22.27746
22.2787
22.2825486
22.28005
22.2869992
22.294943
22.1475177
22.1465088
22.297325
22.2830863
22.2805997
22.1467707
22.2777963
22.296177
22.2766457
22.2832302
22.1457276
22.15029
22.2841392
22.3032095
22.379858
22.3006247
22.2805334
22.29504
22.318314
22.2782025
22.278013
22.2799312
22.2947649
22.2799503
22.2779741
22.2801227
22.280532
22.2768816
22.1415956
22.2806189
22.28481
52.3433421
52.3595621
52.3642868
52.361354
51.4378387
51.4352972
52.5112819
51.3568295
51.5489852
51.95016
50.8461782
51.5046611
51.7973459
52.3645161
51.9629666
51.254952
51.5607208
52.6108524
52.3512404
52.383797
51.8902472
52.0619466
51.9226379
51.1452279
52.8763916
51.5467659
52.0084145
51.2510546
52.4013525
50.8462005
51.68833
52.319597
51.9848455
52.1954285
51.5525395
52.3602095
52.377827
51.9265108
53.0246761
52.0330316
50.8466488
53.0925254
53.0586024
52.5589079
52.7265705
51.3952661
51.555637
52.6998032
52.3786385
50.85428
51.9149421
52.3807364
51.9239352
51.3785225
51.9219398
52.0522638
52.3361146
51.2254016
51.7851017
52.2415203
51.6657301
51.9019056
52.3725511
52.0702283
52.0087854
50.8186702
50.8155288
51.696117
52.3522847
51.9344511
51.4808446
51.9191151
52.3486674
52.0876194
52.0866502
52.372726
52.3681211
52.0106071
52.2596759
51.9223914
52.2961278
52.3522317
50.8487304
52.3530586
52.3728921
52.0370964
51.6578194
52.0923609
51.4856549
52.3640668
53.214285
53.2582344
52.2090905
52.2295965
51.9061331
51.6403763
52.2098585
52.366685
51.1895014
51.5809993
50.8525486
50.1190432
51.4370622
54.690147
53.3363536
49.2710771
49.4491082
51.2267554
50.1096762
49.7904688
51.2243136
47.9813093
51.0676539
48.1697555
51.4759472
50.979178
49.9838324
51.7191315
51.6630641
48.1393446
49.8639732
49.2362942
48.9672822
47.6950322
48.5973809
50.6225623
49.8215136
48.0067203
49.7767707
49.0134357
48.4221411
50.9803189
48.936683
50.1271819
49.49596
50.8520887
52.5014034
48.156266
47.8506316
48.0973087
47.6277007
48.7838579
51.8540706
48.7740561
50.1077083
49.5125753
52.3797868
52.4796363
47.5532458
48.941273
50.188066
49.7648216
51.0592063
51.73924
47.9971187
51.2393543
49.0515496
52.5055114
52.5290651
47.9944494
51.3889835
51.2277587
51.3015121
48.661195
51.2441832
48.9046036
47.4390442
52.5071399
49.9899559
49.6928856
48.7595
52.2697166
48.9209362
49.6425213
51.0808169
49.0200415
48.9965347
53.8723473
54.9010855
48.0952162
49.1161842
48.5369525
54.7611439
49.4641108
48.7613472
48.0017757
50.8747844
48.8182484
47.9863428
54.0008609
48.7702819
48.7000691
49.0988122
49.1231266
48.8062032
48.6940108
51.437828
50.8677435
50.0273198
51.2253636
47.7997713
51.2571687
51.3267358
50.0946385
50.8182113
52.5257173
51.2123287
51.2436309
48.8339908
48.7827197
47.6910309
48.3651683
50.5523614
50.7702641
52.5163221
50.7283554
53.9569629
49.7420816
50.2106931
51.4189041
48.8323223
47.6586622
50.9194296
48.3504956
49.7056147
48.3069731
48.7570062
49.537908
48.1415478
50.6886805
51.0362026
51.0324091
48.4118579
51.3313091
52.5249635
47.6953833
49.0200421
47.8046083
54.4012638
54.1792706
51.159252
49.4491097
48.8765829
49.7681263
48.5000851
54.3302678
48.8351925
50.3693993
47.551733
52.3960758
51.7152518
53.8696544
54.0099541
49.5421778
48.130492
47.4085094
47.4904129
51.3381733
50.9285296
48.1766285
48.8413149
53.7075465
52.2653824
47.567314
51.0410088
50.1908345
51.7434347
53.5459914
51.9719525
49.8649712
48.3299999
50.9403502
48.1136353
50.8194062
49.4536072
49.4672666
48.1421393
50.0422126
48.793824
48.4255402
50.1124398
50.3613819
49.4804625
51.8353677
49.4810346
48.4005362
51.1086096
47.685155
49.4354114
51.3594485
50.3844391
48.1519723
50.932944
50.9418935
47.89284
53.6686169
49.2157489
50.88989
51.0963156
53.5666172
49.38722
50.9832866
53.1887445
50.9378332
50.9386795
49.4480205
53.5822226
50.1119257
49.0779752
53.886445
48.7296752
47.7642696
49.45424
50.0848364
48.9609392
52.506852
52.5446894
47.9339331
53.5532432
53.5889364
52.3567758
48.7619983
49.4082094
48.6382832
48.7800231
50.7161353
54.1437795
52.5042102
54.8119855
47.7977964
52.4946425
51.9581485
53.9598339
47.5702434
47.5967574
48.1365989
52.2746053
49.1947507
52.4893627
50.6889689
52.5282836
49.4385482
51.3027203
52.5410362
50.718668
48.3575728
52.4892069
50.3582974
51.52023
48.729862
54.2879703
51.5049411
49.0189139
52.5051559
49.8760593
47.6340765
49.3540401
51.9338413
51.8352945
47.6909385
48.1592227
51.4770801
51.0588999
48.3552067
48.6917367
50.9513625
48.1759617
50.9445986
48.7495769
50.1142593
51.5089955
51.5244846
51.5183
54.3426725
51.510307
51.9117525
52.5689347
51.5074542
51.5574223
51.9486077
53.2260376
51.5103041
51.4562596
54.6089402
54.2311606
50.5415048
51.4471154
52.6574319
51.4172749
51.0159528
51.513158
53.6877042
52.3503568
51.5717051
52.4828753
51.4987823
51.5069929
52.2139026
51.5097876
51.3003436
51.52073
51.5081037
52.9546971
51.5073894
50.5941265
51.5183427
51.0805389
52.4683078
49.1814937
54.2120881
52.9550168
54.4639611
50.6402845
55.8775205
51.2287432
51.4828975
50.4588679
53.7982253
50.6768483
51.5106776
53.5402555
50.995504
50.5920513
53.8392556
51.5084779
52.1896669
54.2008814
51.344186
54.9679675
56.3890265
51.5101824
51.5113444
52.6829118
51.08932
54.7107234
51.4938103
51.5087247
51.4046576
51.5840216
52.249572
51.2957384
52.9511554
51.5018508
51.666449
51.4995628
54.4147643
55.8656316
51.5025583
51.8361729
52.481614
52.1057269
52.4799361
56.2783766
51.2462247
51.4994673
56.2220468
55.974846
51.4841179
53.3321453
53.8091411
51.4361609
51.9003929
51.5197184
51.5150463
51.5140705
54.6084828
53.8954036
51.3566802
51.4627517
51.5114463
50.4016374
52.9046228
51.8915462
52.2576124
54.59577
53.3392185
54.11882
51.5099619
54.2386388
51.1124803
52.7328574
52.4142642
51.3566975
52.4287987
51.5111217
53.3430238
55.0142385
54.9692585
51.497523
52.5292434
53.9618067
54.599262
51.5022764
53.2712451
54.6014775
51.8980515
51.8435039
51.523893
51.5136466
54.0258838
51.5239858
51.4917208
51.5170267
51.5188446
51.52642
55.0095322
53.0287018
51.7057019
55.9371375
55.9770648
55.0798807
52.655984
51.562631
52.5636528
55.9755098
51.5151615
53.4848226
51.5185583
51.5191109
51.0201898
51.4916238
57.51557
55.9465601
51.3872068
54.4309953
51.4464026
51.514081
51.491997
51.5221287
51.759697
51.446353
51.4635
51.5205007
51.4990858
51.5393654
51.5499681
51.5441399
51.5061105
51.5189674
51.4993036
53.5445999
52.0992219
50.4581496
50.8488967
51.3230729
51.1487672
50.6986094
49.6610743
51.2051513
50.2397614
50.4754247
50.32419
50.5296583
50.4805268
51.2140927
51.2061996
51.1907161
50.9408064
50.8569126
50.3343431
51.205483
51.2097546
50.643722
49.6089476
51.0236852
51.1229343
51.2183721
50.8805705
51.033948
49.6023904
50.8857292
50.793583
51.0332774
50.8608425
50.8894307
49.5804978
50.8167354
50.1577096
50.8435331
50.8629609
51.2111875
50.5789946
51.1994236
50.663044
51.3397049
50.8423511
50.8057989
50.9133244
50.6096505
50.9294564
51.2517769
50.5701335
51.2190002
51.129825
49.483834
50.4714671
51.2119551
50.78176
50.7970808
50.8716705
50.3520328
50.7374064
49.51803
49.8953387
50.2854392
50.9874928
49.6088878
50.4545069
50.5161633
51.1035368
49.5398974
50.8279213
50.6313017
50.28455
50.8324758
50.928478
51.344112
50.7803846
50.8039661
51.2211509
51.2138863
50.7499139
50.32426
51.1471664
50.4863858
50.28043
51.227654
51.2154966
50.8400093
50.7920083
51.0769653
51.0760145
50.880639
50.9049469
50.8294047
51.0560613
51.2097162
50.7419555
50.8172539
51.0557914
51.1929468
50.360669
50.9696725
51.2260206
51.2123748
50.8611708
50.8264868
51.2231806
50.9308782
50.929784
51.1630964
50.2562796
50.6823016
50.6819781
50.8056605
50.444706
51.0577511
51.0496543
51.3394371
49.7025385
50.8193121
51.1098819
50.8024317
51.0161677
48.8652933
44.8489572
48.5873652
43.6994676
47.1232859
48.8583566
47.22273
50.5221852
44.0557551
45.8471172
47.3729206
43.1751771
48.8770274
48.8778387
46.7127086
45.6127512
48.876837
45.3664596
48.4050426
43.6770545
43.7885608
43.3887002
45.0502101
48.5307941
48.6296543
48.8704851
48.8617268
48.8764542
45.7874092
45.769939
46.3034378
49.4410412
47.3602993
44.7067072
49.1618024
48.106684
48.1664136
50.6752627
43.83717
47.992236
50.6770226
47.641088
46.0235156
48.8639214
43.60391
45.1899476
43.568911
47.4239448
47.0269835
43.41952
43.6173
45.5818459
46.1472011
48.8028642
45.7633598
49.2216723
48.4049021
43.7183709
46.4644829
48.6842867
49.0227565
46.1294715
45.891935
44.8626981
48.8893043
48.1533015
48.8650917
46.7971381
48.7245609
48.8672449
48.8830027
48.1305627
48.8835964
43.8303211
49.0501575
45.9249264
44.940725
48.6468685
43.6616803
45.6858339
43.3679206
44.5383407
44.89368
48.8799558
48.8202241
48.3171291
45.7691128
45.7621837
47.9990983
45.7622206
47.2240872
49.3985891
43.298212
48.5221338
47.26803
45.7590732
47.12314
46.3010727
47.065097
45.4102934
45.8899488
49.1844865
46.61923
47.9056281
48.8626663
49.3487591
49.3599505
49.3592817
46.1039302
43.52346
46.605894
48.6706639
48.8702708
48.8454303
48.8735298
48.867715
48.8680116
48.863801
45.77744
47.8980213
46.2802
43.7276935
49.0564967
48.8711904
49.0597697
48.1075438
45.7649055
49.0755925
44.1636336
43.773919
48.6344213
43.5818083
43.7381545
43.5277941
43.1965802
47.7474759
43.5853642
47.6803325
48.6150771
48.1682428
43.19189
43.5483167
43.46639
44.47275
43.6449305
49.70639
42.5813042
48.7391758
43.5614172
44.1408186
48.1256598
45.76325
47.1797597
46.3626315
48.8857071
47.3158841
43.30768
45.3631
43.664
48.5809
45.6606861
45.4315173
45.0036431
48.8482237
48.751779
43.568752
47.6701845
44.9183
43.2056386
49.174106
48.8536287
48.8685936
48.8732722
44.4195028
46.3963209
46.1921358
41.5229756
47.9194802
47.3208798
48.6708737
46.0070045
43.3346453
44.4963194
47.5797015
48.8784538
48.8497
48.8590909
48.8687851
48.8687251
48.8750701
48.8697476
49.9320387
49.8727919
47.3758124
47.424971
43.7487002
45.89973
43.5084768
48.8732881
48.8543827
45.158952
45.598532
48.8791753
48.85513
48.8714347
48.8546356
48.8528439
48.8537124
43.5160716
50.638729
46.951707
42.9114961
45.5418256
43.56555
48.2225256
43.6952832
44.0930379
46.9384965
49.5249389
47.4956359
44.8144207
44.8442594
48.8582135
50.7003027
48.1487566
43.1828371
48.3309222
44.6568136
44.84258
48.8588491
43.5783695
42.5244835
44.8405363
47.570132
43.7358492
45.6758342
48.8750718
48.8476485
48.8405528
48.8571707
48.867722
48.8584846
48.8613303
48.8673
48.8718054
48.8644218
48.8728404
48.858232
48.8500098
48.7457994
43.9257707
45.6362194
46.4334903
47.6232111
44.8435566
48.8498353
48.86533
45.6735606
44.5530189
45.7793794
43.3938151
43.9289042
46.2604625
48.0765208
44.8614644
43.1331
48.8561689
48.8615065
48.7329096
48.0785765
43.486366
43.4677289
47.80058
47.2830529
45.6705497
48.5992778
46.49558
47.854745
48.85681
43.4699245
48.856449
45.8931685
48.2836435
47.5257537
44.8442311
46.92741
44.8494743
49.41545
48.9569608
45.8727258
45.7699763
49.6392432
48.9500545
44.8780815
48.8497742
45.7788173
49.6225249
45.7810567
48.561985
43.4181338
43.9503845
43.821659
47.1975481
43.9501365
43.4214848
48.8700016
43.7393665
48.3902009
48.85588
44.841366
47.7458562
48.8636981
47.3219201
43.6346532
48.8630387
48.8501479
44.8524308
44.853277
46.5348942
48.5647471
43.3983603
48.87577
48.66112
43.7408177
47.3924651
47.21321
48.5869079
43.38693
45.447717
45.295558
44.1870457
47.2873108
45.588937
47.1841917
47.6250155
44.4040212
45.9177189
44.8757019
43.9493415
49.7446677
47.6606628
49.2581078
43.98619
48.8757794
49.114563
43.6267515
49.0671674
43.5272455
43.4026375
47.4749889
50.6415472
48.8610315
43.7384624
48.6005976
45.4144213
43.8911236
48.801401
43.6405232
43.6117844
43.3426371
43.7005783
48.5167139
47.6966578
48.8501648
48.8673445
48.9123498
48.8705972
46.879939
48.8561771
43.7891048
43.7316508
45.6910242
48.8476098
44.9326634
48.7420925
44.2200424
46.1246273
48.19589
48.777504
46.4340961
48.8220549
48.7766651
48.8677
45.1841
48.8112259
47.1274814
43.7404558
47.4770964
44.5635926
43.7569196
46.2482745
50.686583
43.53894
44.9323313
43.4167856
46.30015
44.8884848
48.8661718
48.4440945
48.876059
47.8220926
48.8565083
44.0128313
47.7061536
47.97616
45.7973696
48.8610318
48.8652115
48.6110535
48.8605434
43.7016289
48.8714069
46.3233297
45.7683063
48.850275
48.4604843
43.2986677
43.64144
46.920786
47.5088905
48.3060431
43.29808
42.536832
45.8524843
48.8857122
49.493762
43.6122155
43.26579
48.8364014
43.4020742
47.2049953
43.60673
43.590664
46.66493
44.7314765
48.8663787
45.7520626
50.7929337
43.3416
43.49083
48.8659204
46.2987913
49.2534752
48.8819703
43.7609722
43.6998945
43.6992157
47.2936105
47.2012378
43.4828877
43.3852589
44.3881
43.7059731
43.820828
43.694265
43.6171176
45.6289392
43.1372393
43.833187
44.4688517
43.84058
48.0462924
46.97566
43.8871612
43.5964008
49.0907189
46.5590372
48.8519498
43.2764287
48.8402902
43.6100075
48.8660193
45.3940091
47.8734453
47.0772707
48.1083789
50.6421148
48.6941608
47.7480409
47.3248221
42.7025096
47.5300602
48.6208412
44.7969051
44.791468
43.5544377
46.9927294
49.1922098
49.1144055
43.4853664
45.4579161
45.5014095
47.0211819
47.6160064
48.8402017
50.7999474
45.759793
48.201112
45.67682
46.5656876
45.7670299
48.8636156
44.7814806
43.2962224
43.2865397
47.0225391
48.8515799
45.456987
47.6540637
48.7993778
45.560381
43.2857334
48.861118
50.76779
48.8699134
48.6648455
43.6072744
48.5914793
44.8727764
43.4868945
48.5805804
48.58372
43.5994812
35.9005092
35.8851399
35.8989233
35.9099793
35.8944725
35.8962481
48.1896429
48.199514
48.2220879
48.2162673
47.8039566
47.8066955
48.2051767
47.3486576
47.8379197
39.919746
39.897639
39.906171
39.927315
39.9106329
39.934451
39.927966
39.918808
39.922423
39.9404737
39.915588
39.909316
39.939223
39.925181
39.917499
39.9475229
39.916259
39.930362
39.916154
39.931781
39.911324
39.93026
39.9221144
39.977857
39.9109245
39.95071
39.947719
39.91405
39.95238
39.948977
31.23138
31.219598
31.208949
31.229977
31.238417
31.23491
31.245216
31.220526
31.22046
31.236447
31.218916
31.239067
31.218637
31.225245
31.230507
31.228818
31.235929
31.238362
31.22318
31.243758
31.2548014
31.218122
31.211227
31.238373
31.203604
31.202995
31.223997
31.235736
31.236348
31.236093
31.216671
31.19512
31.230693
31.221621
31.20189
31.235098
31.230604
31.218564
31.213823
5.412
3.14219
3.15399
5.419
13.77323
13.7617027
13.7231296
13.72725
13.73445
13.7561226
13.7428645
13.7288536
13.7265916
13.7356117
13.69912
13.75321
13.73109
13.7122414
13.7244882
13.7290273
13.7483399
13.7435066
13.7126814
13.7486372
13.7391747
13.9271923
13.7423799
13.69912
13.74327
13.7228068
13.7891228
39.2873133
40.4588312
38.7099067
38.9887598
40.4479012
42.3415093
41.3760837
40.4633289
43.2550491
27.7744701
41.3833692
39.7766578
39.5735982
42.5128612
41.3979938
41.3944177
43.1143511
41.3826841
39.4625709
40.4221851
41.66112
42.5115422
42.3715602
38.9174239
38.6979595
37.605446
39.5655872
38.7123702
38.7616883
38.7747556
41.3944279
41.3924046
38.6474226
38.6501744
36.6874746
38.368797
43.2645266
39.5280896
41.0670276
43.3902522
41.4554734
39.805798
39.8343
41.95616
43.3263141
39.9565163
39.5734906
42.4176644
36.7709659
43.3030043
37.767224
41.147396
41.1501698
40.9604246
42.7564294
28.1353754
41.4429053
38.7257132
40.1286157
28.1017164
42.3494457
38.762978
38.6936647
41.14776
41.3971709
41.387015
41.0667735
41.929287
40.2490542
43.2653543
27.8225974
41.3938241
43.262561
38.9967311
43.268822
41.8189509
41.3857791
42.00712
41.5946148
43.2352979
41.3768726
38.8460357
38.2558416
43.390118
43.377457
40.5925602
42.4334655
43.257918
37.8850096
40.577633
42.6863866
42.4658541
36.346905
40.4274475
37.125793
32.64069
43.3236003
41.6587729
37.1258637
41.3805322
28.1211968
43.5776638
43.4776869
42.880834
39.565643
41.98505
42.6004864
42.3078839
40.9606615
41.9859741
41.8367514
38.818996
40.9630387
42.2558205
37.3935972
42.880744
38.5799538
41.6280676
40.4493113
41.967639
42.0325482
41.4143484
40.4328535
42.6019852
41.7448966
41.6156187
41.0767475
43.4686232
42.33977
38.6172486
37.9842429
37.7668005
28.089486
38.7257479
42.1360627
42.1385333
39.470454
36.5338733
36.71685
40.438683
40.4446541
37.3878998
43.0334653
43.4060901
42.4326366
43.4611136
43.5554834
43.3213756
43.5591892
43.26056
42.8161985
42.8160025
43.3612194
41.6563324
42.3377294
38.7707289
41.3910001
41.4827541
36.5084597
36.6876345
42.24774
40.436379
36.7211416
43.1685435
37.0633302
38.0244458
38.7282977
41.6471441
40.1267656
36.5097674
43.4651241
42.4159399
41.7625609
42.2404552
41.1484635
41.6538741
41.1617684
38.7087383
42.2365448
39.4623668
41.8026186
43.1295799
42.8194415
42.2217505
40.6096525
40.9116908
40.1767144
40.42797
42.6692746
42.5755768
37.20864
39.4750292
41.1055995
41.2645582
40.191578
41.0692522
38.70368
40.602104
41.633181
36.5062792
41.6526058
43.5465083
40.4219171
42.4643127
39.4657836
40.4128471
37.116478
37.1638978
37.12565
40.410625
41.8274496
38.714841
40.4465794
41.7165634
38.670718
43.4123756
41.4089295
36.5809892
43.2343555
28.1706934
39.6786129
42.4748006
40.4138512
38.7308206
39.0066031
40.42235
40.2372182
35.670147
35.673084
35.64197
35.67116
35.666061
35.671401
35.662909
35.647362
35.66844
35.658327
35.678339
35.6626169
35.670285
35.655703
35.650825
35.669541
35.670459
35.660762
35.658658
35.684506
35.639301
35.650521
35.702223
35.6581
35.671024
35.677638
35.669076
35.669181
35.618768
35.670563
35.702178
35.728677
35.661308
35.662331
35.6491697
35.695272
35.650355
35.666294
35.682758
35.644362
35.652015
35.673129
35.718054
35.659233
35.647632
35.66034
35.690334
35.667538
35.668434
35.701579
35.684502
35.65684
35.661852
35.6862411
35.690261
35.669588
35.66852
35.663634
35.656408
35.663125
35.688831
35.672747
35.664462
35.667182
36.47194
35.662679
35.671287
35.644812
35.698055
35.669647
35.670115
35.656391
35.659492
35.67969
35.672997
35.672455
35.657034
35.656219
35.685565
35.672858
35.709271
35.644639
35.637594
35.677383
35.649824
35.704205
35.676969
35.6604
35.653613
35.648877
35.670449
35.67479
35.644301
35.696305
35.645878
35.649428
35.660082
35.670183
35.674046
35.667293
35.670061
35.700896
35.688162
35.668507
35.669948
35.63424
35.668557
35.673
35.644452
35.673665
35.68968
35.660182
35.685136
35.655757
35.689047
35.709908
35.669698
35.648478
35.670726
35.668435
35.641547
35.649532
35.670894
35.655644
35.645161
35.670102
35.67649
35.686176
35.689236
35.665416
35.660377
35.664392
35.635353
35.679726
35.701149
35.660599
35.670722
35.701746
35.647409
35.637544
35.70283
35.661503
35.670272
35.668147
35.701993
35.653614
35.670878
24.4985789
24.4625137
24.461469
45.4734602
45.8589005
45.7376217
41.9071673
45.6967845
37.8502374
43.5443686
43.7715205
45.03681
38.0827311
45.4715781
41.0529512
40.6294267
44.5638925
41.725881
42.9193337
44.3903557
45.65983
43.5768675
44.5019817
45.0767345
42.980553
45.8869889
40.5833911
41.81092
44.7352143
43.7698043
44.652336
44.8270877
40.8402787
43.5626194
45.2499891
40.8748426
45.5820817
42.4982957
41.8980551
46.7194264
43.090152
41.4102602
43.4645907
45.4812376
40.631762
46.49984
45.0212099
42.3698762
40.8433646
45.7431411
43.9516497
41.1345678
42.7137124
43.4654463
40.8500527
41.8973035
41.770165
45.0767241
45.4356
41.8977856
46.1395908
41.78292
41.287274
40.6190612
44.7905049
38.4305495
37.852584
45.4928374
43.1799835
44.5602196
40.6283391
45.4416145
45.3622376
46.6780899
43.1770873
38.8901852
40.5503677
40.7344962
46.5282559
40.74731
44.5777429
45.3985234
43.82111
44.6267818
43.2456729
45.46535
45.4658732
46.5723078
45.4866231
43.9565557
41.270434
41.2814264
41.1406296
43.8771796
45.7105439
45.3143007
44.8264017
45.55285
40.8372277
37.8433039
46.0025426
40.6456678
45.547245
40.6298333
40.8950712
45.43566
44.4080433
46.7236326
44.2075887
40.8760367
43.99314
45.18486
45.0350554
45.06945
45.5174094
44.7969211
46.4556659
42.9182376
44.9922314
40.7071485
44.8790669
46.292019
45.8133698
45.8042803
45.3034572
37.2367
42.78823
39.2133915
44.0118042
45.7987785
41.7921649
45.6938611
37.5155785
45.42242
42.7141448
45.9644549
45.6178
38.9867335
46.5434618
44.2414709
45.5241033
43.2821868
38.93424
40.6338537
40.8217366
46.1149939
38.9747876
43.9553929
43.4704034
37.7079174
46.1505628
40.9282413
43.8460898
40.9326272
40.8215359
38.1139131
43.7774093
45.6304009
45.5381705
45.4691981
44.8613159
44.80822
45.5252757
43.8587914
40.5454969
44.200314
45.7386406
46.455093
43.3850498
46.5338851
42.8218494
43.9665684
40.7827339
45.2676884
43.3880261
40.7018717
40.6207949
45.4342534
46.5471597
45.8000413
43.8677732
41.8870305
45.7088279
46.6264329
45.3492146
43.385393
38.0803301
45.8383402
40.8372677
45.8940714
45.62138
41.747204
45.4822057
38.2990691
38.2814827
40.650822
44.66367
40.9691184
40.6339198
44.65333
44.2437857
41.0348692
44.4016634
43.963886
45.8334043
41.9063787
45.4657917
46.5588796
45.2927681
46.5635107
45.068485
46.0368038
45.746704
39.2851384
39.2678209
45.4931589
41.8903751
41.9059417
43.8722767
45.1351147
44.9361607
46.4073422
40.8760649
40.6720876
45.8132892
45.7393224
45.72778
45.5892243
40.6284812
40.6272425
41.2259613
44.68925
46.5565821
42.88651
41.880543
45.4886784
45.0576119
45.6939
46.5685736
45.06959
45.7406906
45.217537
41.0633639
43.78393
45.065155
45.0684649
45.0802655
41.90569
43.08386
46.0348797
42.0681141
44.65313
43.5529904
40.3526
44.8866139
45.0627906
45.4271
37.863136
44.03226
44.0626895
45.4726277
36.8599639
45.7828798
40.75377
42.6772065
45.48968
46.8186079
40.66156
43.8148723
44.6414
42.4591729
46.642062
44.8847909
43.9858498
44.7326422
46.6738587
45.8545832
44.2953631
41.1211871
45.446095
40.3517322
40.6356593
40.6671525
46.44052
44.0520361
45.6342966
41.890477
46.376804
40.623268
42.7925634
46.4296498
40.417763
46.1736379
45.4828355
45.9065255
44.7051429
41.9140073
40.7739059
46.3284
42.380472
46.2351343
45.6887411
43.894723
45.6195715
40.58996
45.7624261
38.1184687
44.64916
46.2131692
43.87008
40.6446307
38.57921
40.4469187
43.9136749
45.6251787
42.188822
41.9015408
45.4821805
45.4772538
40.6262458
45.4459378
45.6691392
43.7680838
36.9245977
38.4308153
41.9493778
45.4806321
40.451699
43.8410854
43.8216226
43.933229
43.4404449
49.2805255
49.2529239
49.2804672
49.2457708
49.2602703
49.2609423
49.2832679
49.2708003
46.4583909
46.7805014
46.4996168
47.0500723
47.5634509
46.6031228
46.8006532
47.2916285
47.55585
46.2068583
46.1035433
46.0192354
46.2121299
46.6557369
46.5195779
46.1623056
46.6363781
47.4603259
46.7872121
46.9429867
47.450773
47.3650965
47.3630688
46.9833332
45.9927279
46.5786998
47.2684502
46.2504122
46.7356712
47.0900127
46.5608424
47.430792
46.6539661
46.2503337
46.021696
46.0198173
45.9873025
46.2027504
46.7210956
47.4036916
47.3721075
46.478305
47.3715034
47.3661606
47.4545219
46.9757757
47.0886297
47.0483709
47.1786064
46.1921056
46.8831298
46.6559326
47.377839
47.3705379
46.021962
46.1834139
46.4640854
47.0004645
46.8019356
46.94362
45.9929427
47.1441186
47.0463482
46.1991216
46.3153104
47.4883006
46.6638943
47.2283252
46.947541
46.4760803
45.9946751
46.3075979
47.0572771
46.4886078
46.4326918
46.4936682
47.1963569
47.4941739
46.6193521
46.2141318
46.586082
47.5140269
47.3713118
47.3628206
46.2133798
46.1519079
47.1411781
46.4952625
46.2091162
47.3778541
47.3722118
46.2008977
46.4592639
46.232414
47.4310779
47.4110124
46.4993105
37.50304
37.52311
37.522448
37.52083
37.54533
37.55983
37.52099
37.52535
37.57761
37.5213812
37.58048
37.5126
37.52591
37.52237
37.5549921
37.5275808
37.53491
37.52298
37.50304
37.52206
37.51896
37.56529
37.52291
37.52079
37.49439
41.1171693
41.0239621
41.0311474
41.0302119
40.7193546
40.7331693
40.7256137
40.7290162
40.7262829
40.7331992
40.752517
40.7247064
40.7103459
40.6933811
40.7067068
40.7377741
40.7434588
40.719917
40.7129264
40.6729122
40.77384
40.71794
40.724194
40.7306576
40.7407048
40.7579445
40.7390046
40.7319711
40.72452
40.7514424
40.677395
40.723915
40.7034279
40.7300224
40.7414233
40.71757
40.75108
40.7387578
40.740014
40.7396366
40.748191
40.731716
40.72471
40.7404543
40.732952
40.719162
40.760685
40.7620076
40.735895
40.738316
40.7194832
40.7219387
40.7615587
40.7470482
40.7360595
40.7435866
40.7141336
34.678144
34.696189
35.011866
34.992065
34.673655
34.998694
34.689294
34.999252
35.015957
34.695994
34.68459
34.692127
34.690995
34.682634
34.678984
35.022379
34.99862
35.002323
35.016197
34.697646
35.015154
34.697482
34.696195
35.0055853
35.005139
34.706412
34.696393
34.695492
35.029301
35.003377
35.003944
34.696173
35.012727
35.009778
34.697033
34.694117
34.687804
34.696578
34.695938
34.684008
34.793027
34.69739
34.692102
34.698021
35.017249
35.044835
35.012209
35.004865
35.031138
35.02874
34.666267
34.697803
34.697385
34.66929
34.699749
34.688864
35.011709
34.997973
34.698462
34.698397
35.00274
34.697005
35.029804
35.036441
35.002705
34.69484
34.706547
34.703876
35.000327
34.998694
35.011394
34.697434
34.697842
35.001993
35.003395
35.004949
34.999842
35.008838
35.034174
34.996445
34.992366
34.697954
34.662338
34.70645
35.002526
35.00663
35.000953
35.016854
34.695687
34.680779
35.012312
35.01578
34.695381
35.043833
35.016879
34.697041
34.674331
34.693707
34.68307
34.682548
34.695621
34.684744
34.664773
34.703019
35.010396
34.696365
34.692732
34.688057
35.017056
35.0043254
34.694143
34.69807
34.673799
34.779125
34.998689
35.013637
34.674225
35.002419
35.013554
34.696264
35.00434
34.684525
35.022746
34.695655
34.712103
35.015008
35.058249
35.010044
34.696409
35.010146
35.006712
34.697125
34.694987
35.004999
34.68763
35.000502
34.697693
35.002145
34.696009
35.012512
34.672919
35.039073
34.695136
34.839017
35.013768
34.670323
35.002502
35.020156
35.002416
34.709936
35.005349
34.696995
37.9580881
38.0232617
37.9373787
37.9653138
37.9757055
37.8058168
37.9669545
37.9804964
43.6744503
43.7050219
43.6484741
43.7980024
43.731412
43.6709928
43.6699762
43.6565748
43.64071
43.6419055
43.7266988
43.6692078
46.4755987
46.0283624
45.9580845
46.3408368
45.8557213
45.516425
46.04829
46.6383891
38.9039056
38.8806478
38.9146396
38.9215871
38.9214669
38.909504
38.89283
38.9062921
38.903503
38.8946236
38.8741148
38.90346
38.9232785
38.91584
38.8991984
38.90932
38.92013
38.903282
38.8833557
38.9090145
41.92198
41.8866924
41.92607
41.8843534
41.8995437
41.896121
41.8832751
41.8907039
41.8857746
41.9135974
41.9087844
41.9687073
41.9301645
41.863
41.8840951
41.898907
41.3862568
8.0362567
42.5434
42.5777859
38.38073
13.727067
50.0918359
50.0911046
-23.5918083
-23.5670869
-22.9671007
-22.9670428
-23.5663215
-23.563121
-23.6094195
-23.5684
-23.5653892
-22.9542315
48.3060516
46.807404
46.0770872
46.9557364
46.9612607
46.9833212
47.9028081
39.6775711
39.7531102
40.0150952
39.77611
39.7692729
39.7551817
39.76337
39.7669634
39.7641433
30.638324
30.665432
30.5897253
30.6333722
30.6278248
30.6450254
30.630182
30.589246
30.658545
30.672154
30.6793397
30.6563019
30.6792572
30.65163
30.635943
30.6456523
30.6718986
30.6729048
30.6437137
30.623461
22.6511882
23.0015391
22.634881
22.6098086
24.1504785
22.6272725
23.0828682
24.2096077
23.0000632
22.9881313
22.9890547
22.98946
22.635788
25.0507831
23.0045835
23.0152717
23.0081097
22.9975682
22.9905684
22.6317141
25.0484126
25.03841
22.6182529
22.9911454
22.9989093
22.6646279
25.034063
25.0474845
22.9715011
24.204956
22.9908246
24.2683251
22.9816143
25.065868
22.9907395
22.6283345
22.893597
25.088522
24.1399064
22.6799102
25.0507556
25.0284359
25.0891725
22.7547237
23.2314193
22.6219103
23.0003366
25.0399033
23.0081171
22.995819
22.99134
22.9971812
22.9959996
22.9899349
25.0335861
25.0649859
25.06378
25.037228
24.139452
24.15358
23.0607491
22.6179712
22.7985835
25.056295
25.0359368
25.03381
25.055052
25.0435862
25.0896291
24.2629382
24.1569617
24.1463
24.1344609
24.1487311
22.6395983
22.9894932
23.0028094
22.99922
22.6305849
22.7543199
24.1417123
25.0676278
22.9887025
22.9905205
22.8780326
22.9948568
22.99026
25.0422509
25.118305
25.0610377
25.03921
25.043659
25.06512
24.145261
25.1175507
24.1803634
22.640741
22.6646256
22.6224341
22.625
22.9898212
22.7241743
25.044366
25.0335783
25.1398182
25.0280822
25.0129692
24.1384333
24.1497969
22.613495
25.0447331
25.0394902
24.142923
24.14131
24.151106
24.148365
25.0541826
25.0354792
24.1612731
25.0658284
24.1378627
22.61597
24.1574067
23.0815488
24.15171
25.058488
25.038915
25.02878
24.140151
24.149863
24.135059
24.13963
25.0404085
23.2389728
22.9983895
25.0605995
24.143
24.1449224
25.039542
34.1080789
34.0838939
33.9927537
33.930923
32.7138053
34.4235974
33.676674
34.0728147
37.232773
37.9065919
37.79186
37.871647
37.87022
32.7467636
37.330106
34.0062773
34.03052
37.76162
33.7527059
33.7440783
34.4236674
37.847427
34.173664
37.75986
32.7253114
34.105415
34.078
33.78689
34.0904961
38.2333616
37.76858
37.7999626
38.6380533
37.89083
37.5645894
34.0404163
34.0190328
37.770894
37.81691
33.960003
34.1319451
34.4226378
37.796303
34.10907
34.050137
34.0830906
37.789772
34.014547
34.093939
37.7604361
37.8286404
37.986614
37.92731
37.770634
34.1002978
37.8090021
34.095875
37.867756
37.8278
37.33398
34.1468
34.0786428
37.6076735
37.97308
32.737253
34.0628203
37.7732695
37.683384
37.78054
34.03912
34.056217
34.0800007
34.09258
37.7975502
37.9019319
32.6974548
32.7231471
33.85868
37.8587
37.85076
37.837746
34.05115
34.1471318
37.4269959
34.0985581
34.0727791
38.401863
38.7297832
34.0995473
32.7434966
37.28828
37.791834
34.0363497
34.595557
32.7312497
33.9987622
34.0323899
38.406544
33.8097481
33.6180361
34.07984
38.5785995
33.1936183
36.55702
37.7960493
38.4023896
38.5639044
34.05054
34.0625014
34.035248
37.8204022
34.4140993
34.017384
34.0807208
34.053474
32.7103575
34.0733517
33.5014781
37.7995548
37.7759271
37.80009
38.2922754
36.9789673
38.611946
34.0854403
33.8602919
37.7612014
38.2277792
38.405194
38.36429
34.1236509
36.6092353
37.7373393
34.0780108
33.885162
34.0573578
37.8367518
34.0954746
33.8700821
34.0676223
38.315018
34.0567917
37.7840269
23.1373764
23.12459
23.124941
23.131315
23.1384062
23.12662
23.136445
23.121364
23.071435
23.128478
23.116787
23.093254
23.126322
23.1239493
23.1167808
23.110893
23.125193
23.124895
23.122833
23.125167
23.124093
23.0445093
23.08828
23.1193587
23.0977632
23.106869
23.161378
23.1306966
23.120873
23.1143
23.1205965
23.133389
23.102593
23.127803
23.138328
23.1246337
23.120784
23.126347
23.125483
23.087732
23.096074
23.145498
1.305053
1.3494
1.3348723
1.32144
1.3498361
1.2851585
1.2804903
1.2852332
1.2789952
1.2868701
1.314489
1.3110244
1.2872095
1.2856243
1.2863998
1.324031
1.3006534
1.312026
1.3120674
1.2812755
1.29648
1.2890223
1.3127778
1.2851492
1.2821566
1.343566
1.30825
1.3058048
1.32144
1.324031
1.324031
1.2932927
1.2924249
1.292604
1.343888
1.298469
1.4318206
1.2771615
1.2772625
1.283162
1.3110203
1.3445639
1.3319636
1.3073595
1.2849649
1.285599
1.2945379
1.2802718
1.3436537
1.279361
1.32144
1.3230892
1.3452103
1.3492969
1.3118717
1.285599
1.3121151
1.4319385
1.2796129
1.2774744
1.304989
1.314127
1.2874936
1.30965
1.3083243
1.3232442
1.2790364
1.3355032
1.3034999
1.2850432
1.2846286
1.3080902
1.3380791
1.2778911
1.3352759
1.306444
1.3083574
1.3110605
1.3032086
52.4031076
50.0648387
52.4062468
52.2243896
43.5094919
42.6404963
45.810785
43.370985
44.82483
45.4320136
44.91547
43.7830965
45.8268053
42.9507281
45.230038
46.11859
45.8047118
42.5823895
59.3391156
55.6061414
56.1582567
59.3110678
55.67758
60.1634149
55.6817834
59.344897
59.3084063
60.1722528
55.6932452
59.3128478
55.4304091
55.6707652
55.6740601
63.4339996
56.124681
55.6759079
55.6772861
59.9237243
56.1561762
57.6974869
55.6899193
59.3293163
55.6052178
55.6847664
59.3233392
55.67943
59.3435589
63.4425259
55.6834243
55.5985261
55.7035355
10.7930299
10.792919
21.0143203
10.7749261
10.765992
10.79444
21.0330434
10.8042053
21.03129
10.770509
21.0336866
21.0203594
10.778071
10.7839019
21.0311887
10.7908436
21.0343385
10.7871
10.75529
21.0679
10.791939
21.0336032
10.7867166
21.0302935
21.0416366
10.7717403
21.0428253
10.7756153
21.0305286
30.2468965
30.2357771
30.2375011
30.2413194
30.23326
30.3088769
30.2498499
30.306121
30.23076
30.205921
30.3036612
30.25291
59.495012
59.4485481
59.4525841
58.3635531
59.4359555
59.432995
25.2103517
25.0846849
25.26909
25.1444311
25.2638088
25.2650584
25.2313051
25.219645
25.2291906
25.2178336
25.0968233
25.193772
25.1850567
25.26908
25.1155277
25.0706828
25.2070948
34.520592
34.67885
34.67117
34.67858
34.368601
34.69246
34.52878
34.611572
34.685666
34.694948
34.600237
34.682651
34.68009
34.513999
34.718044
34.68571
34.598622
34.68595
27.9500225
25.7780966
25.7948536
25.7274358
25.6870318
25.8403537
28.5553237
28.5932612
28.5529753
25.7999753
28.467152
28.5458131
28.5644074
28.5239631
25.7655471
25.8220009
25.8133573
28.1431883
25.7515213
28.4946387
25.8158091
25.7976937
25.840473
25.7658469
28.58761
25.7539198
28.5674849
28.0068343
25.8015176
28.5679469
25.7592116
25.8422037
22.3075707
22.44383
22.4425128
22.2855398
22.2972864
22.2883198
22.2764296
22.2904482
22.32522
22.3291186
22.285889
22.32001
22.32556
22.446249
22.3361186
22.4437137
22.2922281
22.2793736
22.2864263
22.2826018
22.2069844
22.194918
22.3061551
22.3743251
22.331143
22.2741218
22.283769
22.3239663
22.2774544
22.149635
22.116873
22.2805157
22.2842716
22.2859032
22.283463
22.289986
22.2851197
22.3804027
22.284133
22.3047604
22.2828606
22.2830291
22.2011387
22.2768945
22.3369554
22.329836
22.2776503
22.2775474
22.2084446
22.2902387
22.2853864
22.2764202
22.299056
22.1536686
22.3763259
22.2917566
22.2855764
22.278337
22.3065845
22.368364
22.281776
22.3062377
22.2852363
22.2854732
22.3046799
22.31583
22.3319497
22.2875545
22.287043
22.3236603
22.2826446
22.2950443
52.1149296
52.0878315
50.8879351
51.3966964
52.3801212
50.8495878
52.1590092
51.5493217
50.84976
52.4734112
52.3433407
51.9725916
50.8184748
52.38189
51.13137
50.9475569
53.2108191
52.25342
52.3631681
51.5615025
52.2207419
51.8300013
52.5112371
52.3807435
52.787907
51.9297422
51.5712113
50.8479898
52.2391119
51.360403
52.35953
52.0612753
52.43141
52.1615252
52.1067579
52.46904
51.4364954
51.9227134
51.5221283
51.921197
51.08775
52.2172069
52.0846001
52.0791866
51.8185781
52.6957337
52.0808671
51.9157821
51.9016065
52.012291
51.5034872
50.939037
51.5801143
51.3688687
52.0880216
52.2902861
51.9649178
52.3736022
53.058018
52.3731878
51.96477
52.3486469
50.789467
52.0735781
52.158616
52.6385018
52.0237624
52.1431616
52.3532904
52.3910255
52.0798754
52.3674471
52.3574102
52.1507106
52.351624
51.5811174
51.1955572
51.8496807
51.5611969
51.841354
51.9240615
51.3796306
53.2023015
52.3563139
51.8453007
52.0782047
52.2609595
52.2729918
51.9108422
51.9946924
53.1999349
52.0082149
51.1916938
51.9282532
51.9013497
52.3710574
52.65254
50.8765057
48.5536976
52.5383116
50.9525104
48.1222599
48.8455044
48.7220504
48.0426474
52.5133344
49.0065554
49.3072308
53.6295352
48.0483979
48.6694807
49.0795086
53.6502089
49.646982
49.6675219
48.1534478
49.6656949
48.0483443
48.2135468
49.1678395
47.7456562
48.2786488
50.0610785
49.0198683
54.3462631
49.3047569
48.5206318
50.1354702
50.5168466
49.197343
52.5059106
48.2881284
48.1759407
50.4519841
48.5368854
47.7340022
53.939882
49.59995
52.1781706
49.3996191
52.3077768
51.2226724
50.9757411
48.1597254
52.5013988
49.8456206
49.7243573
54.0999918
54.459177
51.2294557
48.1729463
47.6925896
51.0807167
50.728385
47.4916924
53.6729297
52.5009665
51.3981151
49.4415641
50.0938388
47.8258485
52.0981133
48.9293657
48.1469093
49.4477924
47.8221606
50.509373
47.9319116
47.7528472
53.6681184
49.7935249
47.8401758
48.3242031
52.9169388
47.7582619
50.5864623
52.4743643
47.7994554
55.0200546
47.7677871
47.7823491
50.0209389
52.080968
52.6376948
48.7118464
49.889835
49.4960182
48.7694339
51.0589178
50.046097
47.5689975
48.1707619
48.1415903
49.6978376
47.9182288
48.7848281
51.0990402
48.1710672
50.6224572
52.6892629
48.5878399
49.539115
48.0180371
50.0994638
48.806266
53.5124795
53.5465467
50.0106221
47.7321512
48.6535649
48.4063369
48.7272899
49.1377903
47.6264979
47.7789467
48.1939626
47.770635
48.7982076
47.8823684
48.7622824
53.7183731
50.0393239
48.3505257
48.8243688
53.1108686
48.6197585
48.5733795
51.7842276
52.3456
47.9517087
47.4084453
48.4576319
52.2828443
47.7762313
52.2889268
49.0761065
50.3844114
48.6122434
47.9765364
49.6425543
48.7832727
48.866959
48.9659729
47.4053722
50.9155229
50.8520729
48.4602152
48.9335563
49.8758822
49.2543091
47.6061825
48.7898064
47.7998127
51.4520698
48.4259852
49.1642937
50.63557
54.2605149
49.1174557
49.81082
49.5303657
47.8718527
50.2122699
49.8702187
49.1221291
48.126953
48.3299999
50.2003476
51.0536634
48.2130259
48.614821
49.2812104
49.0191115
47.7798647
48.6847652
47.7372516
48.1613182
51.8982686
51.5405015
47.4053131
53.2466189
51.3284567
52.1051544
50.9208129
47.6887452
47.8704872
50.5161996
51.9130183
48.0465877
53.5650266
51.4234791
51.9630813
49.7249645
47.7141723
50.2108509
49.2362907
53.94722
47.9348214
48.7165279
49.3014799
47.8918398
48.6470197
50.4726756
47.660811
48.8187923
51.8200985
51.4051276
50.3630316
50.9377245
53.5566991
51.4024615
47.66363
53.5581119
48.5816292
50.0506833
47.6242648
48.7297506
48.1952255
48.3198901
49.7235332
48.6235613
48.0836356
49.210919
50.0063855
54.1638261
49.2789069
49.8473331
49.448185
53.6281702
48.4118808
49.2281379
47.6610015
53.5796608
47.5881908
50.9834035
51.4593813
48.1745958
51.4382103
51.0682752
49.2488961
52.5349458
47.8164302
47.9767109
49.8944814
48.644564
53.5563348
48.6831695
50.0657755
49.5069549
52.5029341
48.2697601
49.38906
49.7147426
48.0609441
52.3700264
50.3491959
49.0694959
47.9942154
51.623505
49.2399806
50.8150932
47.5948316
51.2338608
47.7387968
48.0933818
47.7644835
52.5287557
53.5650805
50.9632126
50.5154368
51.4818761
51.1478135
51.38749
51.2096222
52.0821267
50.6816212
53.4924759
52.9542733
53.4810871
51.0912204
52.9508467
51.4673338
51.4406064
54.6017969
51.5188542
51.5162943
51.5182811
50.8261338
53.2953743
50.5494467
54.9699036
55.8194385
51.8065495
52.363659
55.0360669
51.3865028
51.5070257
55.598304
52.858343
50.3523883
51.5106156
52.0599366
51.5196914
51.299648
51.8071513
51.5136166
51.4470817
51.5978925
52.7342169
49.195681
53.9568532
50.085285
51.5132537
51.3690789
53.6771355
53.8748962
51.4468096
50.3500923
51.4535493
52.83726
51.5239935
50.8553011
52.9862494
51.5107688
52.6928692
52.2172316
53.3438552
53.756716
50.5413741
50.8222444
51.5130079
51.5176394
51.5198579
51.5034318
51.7055457
54.5969251
51.8984766
53.3311904
55.9540219
53.3411166
55.8657546
53.2876023
55.9591825
53.2695339
51.5220669
53.4236062
54.4805357
53.9779959
51.511258
51.3913176
51.5462408
51.5543915
51.5570116
51.5326532
52.2605009
52.1386545
51.8268501
56.0351457
53.2709641
51.5122031
51.5140325
51.513031
51.4737857
52.6754444
53.3397366
54.6414093
52.6882001
51.5095405
51.4634928
51.5799878
51.5113695
51.5260138
54.5836242
50.8215837
52.670097
55.8771492
51.5050264
51.5236529
51.551702
51.514407
51.5006082
55.861929
50.9502139
50.8213023
50.0109264
50.5672316
50.3980995
50.8318431
50.8057181
50.7741227
49.8923622
50.35935
51.0647806
50.8622283
51.2133781
50.2928918
50.98392
50.8192817
50.83707
51.212055
50.3328659
50.5937791
50.7233367
49.688428
50.4537797
51.0417296
50.8573186
49.60297
50.7666869
50.8483695
50.7233915
50.205173
50.8366762
51.2094691
51.2089981
51.0727383
51.1754294
50.7450033
50.1615283
49.6735111
50.8301607
50.3527642
50.4531449
50.7291086
50.107864
50.8527976
50.2774825
49.8469775
50.5839925
51.2123698
50.6745093
50.3873754
50.128664
51.0578598
50.2940105
50.6274342
51.2249696
50.6144857
50.6469673
49.9839417
50.2567597
50.0542563
50.9017775
51.0335097
50.8663153
50.8310782
51.1003144
51.3263708
50.8132336
51.2562422
50.619611
50.8392201
49.6101074
49.485788
50.6857555
50.8442145
51.1472461
50.6748783
50.4141652
51.1765588
50.1530993
50.4538652
51.0915708
50.8342675
50.7878432
50.8363709
50.5913203
50.8262
49.6018591
50.6399922
50.4832736
49.8468266
50.5935078
50.8359208
50.4642792
50.5189769
50.8356505
50.4120446
50.8205968
51.1399512
50.645336
50.3651363
49.7181463
50.8763566
50.3644641
50.740121
50.8722727
50.8156704
50.485483
50.5568404
50.2111394
49.6088551
50.4562085
50.8530093
50.6232946
51.2108635
50.4257564
50.5833439
50.540469
49.6221429
50.9013936
51.0942167
50.182417
50.3904318
50.8200542
51.2052119
50.5390201
50.3674213
50.124897
50.5732237
51.2112573
50.8729379
50.4412368
50.9384633
50.8166897
51.2301524
51.2188994
51.1338557
50.7726006
50.5991158
50.5429039
50.5015211
50.4954733
51.2362231
51.3129222
49.7966152
50.0275637
50.8229943
50.8323994
48.2762187
48.8852338
48.83249
47.2130523
43.9180452
46.1570565
47.1153064
43.7647665
47.9240493
43.947781
45.7759568
45.2048784
46.3655419
48.8530426
43.6973251
48.8626799
48.6100898
46.6760985
45.0327554
45.7693113
47.261303
45.7496327
45.8994915
48.71084
45.1421938
44.1903716
43.5265905
42.5052975
44.7746774
44.825863
48.8665092
43.69898
49.0345872
43.5727527
46.565698
43.4724372
43.1368612
43.8311951
48.01963
48.8484632
43.5968455
45.6506547
47.371565
49.2406241
47.8107648
45.7744378
48.6479451
47.518524
46.0395894
43.0027665
45.88904
47.6365191
48.9073319
48.1906505
45.7485041
45.7651808
43.5501
48.5827917
48.74803
48.8598845
45.7705693
45.7682882
50.2377902
45.7514922
47.224128
43.4327861
47.0914654
50.9569152
44.8999664
44.1901486
43.9245387
48.8771253
48.8795129
48.8500187
47.822947
45.9177584
44.9407156
49.025604
48.18641
48.8758985
48.5058435
47.9002687
49.28358
44.9504857
48.1697123
43.3030826
43.9001435
42.9803277
43.46048
44.1102185
47.6217962
44.4205205
49.0449982
43.53454
46.0402467
44.202501
47.5490863
43.5212561
43.6436558
48.8793235
48.8468197
48.8220951
46.7913339
45.8990376
45.945435
46.901436
47.4881874
44.6255239
44.6199281
49.2004788
44.44497
49.2240787
47.3196734
45.8964
46.88357
48.0680368
43.5516153
50.3362215
49.927124
43.6962694
43.5716685
48.8680983
48.8321771
48.8534216
48.8502734
47.7486582
48.8688866
48.42262
47.0938975
49.0449565
46.4851301
47.3237399
49.5242542
45.8972875
44.1212885
45.1537272
48.8721222
48.8462355
48.87939
44.7421961
43.676987
47.90071
48.8536111
48.8740537
43.72842
47.3248978
45.565573
45.7813394
47.5117919
48.8641048
46.81291
42.5224669
43.6027001
48.5520169
47.0593903
45.7695859
49.7950025
43.6038911
45.458736
44.7166094
45.1670672
48.8804947
48.8330076
48.8747039
48.82214
49.072563
46.4254309
45.7801005
46.30794
44.3149388
46.3846303
46.0750236
50.6862508
43.2570495
48.1385904
48.0954506
47.4196538
47.2464071
49.2756464
48.3415708
45.0434718
47.3217416
44.4079089
43.696531
44.9929768
45.8621099
46.1116433
43.6054304
48.1387112
41.9639362
46.033275
43.9288995
47.7119734
46.1557916
43.516077
47.8694755
45.7789926
43.9445551
43.9457547
49.2776278
44.929825
43.9477652
49.2762699
44.2391207
43.5424262
43.60474
43.6274673
47.6659802
48.0741115
47.090477
45.0501262
44.2056155
43.8438177
48.390708
43.4496837
44.6312562
47.46576
47.9255981
43.6022865
42.8511784
46.6003467
46.2356555
44.9325366
50.7538173
46.3904152
43.608369
45.4601507
47.3712253
44.836137
50.5146141
45.77402
45.7793903
48.314106
47.0035036
46.1248938
48.8552315
44.5038632
47.7535075
47.1208897
45.745458
49.0940585
44.20862
42.4043058
44.8474767
47.53658
46.2032302
47.1842106
48.4324958
44.9307342
43.6095687
43.419617
43.9291305
43.5974291
48.0407592
48.0617678
44.2840228
47.6774416
49.4895114
43.7816743
43.7779818
45.0540365
48.5992805
45.7341669
44.9687589
45.1039749
48.5895315
45.74673
47.8467812
48.8918373
47.2981892
47.4715312
45.0535206
42.5843613
48.7390573
44.4691067
43.06378
46.8718586
47.65812
43.69635
48.5834821
43.0612879
44.8403448
43.7402188
48.6478253
45.1864189
48.1082357
48.839165
48.7164372
43.6388111
49.7409008
47.3297762
45.2692196
43.7455777
43.6014023
48.6855
48.8582703
46.1211416
43.641406
46.24887
42.6974636
48.5802845
45.212543
48.8594686
45.817033
47.3871058
48.8250001
43.6992114
49.4925851
48.0072211
44.1297774
48.6110364
48.8734837
48.8596272
48.8200118
48.0423858
49.0474072
43.588977
47.7821898
45.6735609
47.3248008
48.650034
45.8973707
46.3190731
43.8277724
44.5295523
48.4112671
43.7204014
46.298183
46.0314921
43.5873898
43.0891229
48.8841785
47.2851371
48.4408769
47.2205946
47.905
43.4598311
46.5412779
45.7808357
48.9243064
48.8757697
44.8408811
48.4363567
48.9066307
47.13114
47.0007779
48.3309571
48.87035
45.2236759
47.8154316
47.3258479
45.3764595
47.187256
43.61037
43.891117
42.59878
45.805375
45.7663928
48.0406369
45.39894
43.3413262
45.1417508
48.8635278
44.243922
49.3023239
49.0613415
47.4120979
43.6964964
46.5643976
49.4221162
44.6992634
45.0658115
50.4063972
43.44588
48.5916357
48.7004899
46.1634661
49.2408434
43.2942661
43.8000127
45.9910681
43.40585
45.5181881
48.7379433
47.1200762
49.421549
44.8516289
49.4974742
45.8600546
46.64788
45.7683408
48.0277171
48.8297661
47.6535372
47.0236705
48.1004642
43.6324663
48.8386278
46.1125928
45.1254254
43.2439605
42.6329065
46.1463409
47.4742132
50.6873909
43.40539
45.2510355
43.5285427
48.5791113
46.4006543
35.8914933
35.899322
35.8989197
35.9595229
48.20903
47.7793078
48.2135968
48.2045237
48.2107038
47.8205102
48.2249667
47.3486478
48.2083525
48.1894
39.912952
39.937846
39.912885
39.9030002
39.93683
39.922485
39.889111
39.919141
39.899085
39.950879
39.893083
39.925242
39.944026
39.899921
39.932399
39.93104
39.893798
39.9104351
39.971585
31.2235893
31.080841
31.233478
31.2108612
31.223003
31.1839757
31.226445
31.221371
31.223319
31.218784
31.238362
31.223137
31.1554083
31.219411
31.221725
31.224693
31.209393
31.237972
31.230911
31.231354
31.238362
31.22843
31.236637
31.233217
5.4117853
5.423869
5.4193028
5.4251958
5.417368
5.4336771
3.1595059
3.1479298
3.14395
5.4170929
5.3520265
3.139235
3.0955277
3.1432779
3.1444195
5.4174271
5.3548014
3.1329104
3.1327996
5.4180149
5.41663
3.10071
5.3611709
5.4127087
3.1458668
3.2139094
5.4109995
5.4191353
5.4140577
3.149441
3.1430068
3.1446078
44.8197396
18.8010335
14.3269813
7.7745658
18.7887183
14.3163552
18.8218137
15.2341258
15.3191662
14.3554715
7.8858698
13.8160267
7.8782532
8.6950787
13.7447602
13.7604001
13.73211
14.517382
14.9793517
14.3544011
13.7341196
8.276927
14.5593892
13.74288
13.8279642
13.697419
13.7254396
13.7777516
17.45223
14.3534184
14.3266697
13.7889776
14.3622112
13.7690166
13.7413402
18.7996783
13.7844522
7.7757349
8.5978493
18.8689798
8.8690419
13.7422091
13.7520907
13.7322377
13.7469812
13.749545
14.3430049
13.7303479
17.4277732
18.8310278
16.4348608
16.4349314
14.5174051
14.9594209
15.2362088
18.7900026
8.466571
8.4780024
13.7271146
13.7671054
8.1570668
8.3785095
18.792313
18.7970628
13.90583
18.735685
13.7336698
13.73999
7.9801073
13.7443796
13.7210294
14.3455473
17.455291
13.72222
17.4175418
18.7891215
18.7779031
16.4341513
16.4518452
18.7998208
18.7880437
13.7188299
13.7428051
7.8858131
7.900388
13.746662
13.7579542
7.8724225
14.974631
18.9170868
13.7546526
13.7361551
14.9747885
14.352996
13.7036777
18.7881516
13.9156915
13.7001591
13.75355
8.6601349
13.73199
13.558403
13.7077875
13.81097
13.7406007
17.4132628
13.7302744
16.8540408
15.2305338
8.5936703
13.7424388
8.74887
13.7374199
13.7098
13.779651
14.042044
14.2006569
17.40425
13.74684
18.7876624
13.7402196
14.9785233
14.960031
14.9452533
15.2262786
7.9008966
15.2206618
14.3621896
13.7372621
8.3051273
7.8810304
7.8805493
13.728376
13.6973372
13.6745737
13.6814034
17.4158445
13.7769377
13.7097905
18.7999198
16.4241715
13.7632057
8.197292
13.685326
13.7853784
13.7597971
13.8652189
13.77411
13.728455
13.5423854
16.0579436
18.7927655
16.47292
16.4290841
13.7489129
7.876695
13.720825
13.78172
13.7624962
18.7744424
13.8209715
14.0108613
18.7901443
18.7859078
16.4343115
13.7219956
16.4669437
13.881761
7.8848922
7.8836589
7.883692
7.8829151
7.8850067
13.8093876
7.843128
13.7228038
13.74064
7.883687
13.82568
7.886465
18.8362155
41.6343965
39.5270165
42.5971759
42.9090915
38.7120997
43.3593207
43.2166837
43.2544457
38.7122215
40.442984
39.4744775
37.1284662
43.1311273
38.4236945
36.72056
41.1099201
41.1500107
40.4319586
41.3513451
40.0010755
41.6300201
43.259617
38.1067896
36.9451654
38.7736552
41.6107945
42.4563607
28.512541
42.7306808
37.2888245
43.0329569
28.132975
39.1472451
42.7920635
41.337964
29.1185223
39.4090257
41.9063675
40.280586
36.2006934
42.5200992
41.8515864
37.8103332
40.4638133
40.7309927
39.4602814
43.011612
42.5178743
28.105516
38.6277242
41.553394
38.9946161
28.4537437
40.0706882
28.3763826
41.4419757
42.6258852
41.455486
42.0339451
42.1242828
36.7756305
38.9856209
28.9622091
40.4244399
41.3371924
40.646976
36.5313279
43.3699357
43.3663503
37.8879589
41.3944626
42.8753153
37.8897417
38.7453715
36.535654
41.7464957
37.2935619
40.463467
41.3922152
28.4636488
38.7053894
39.2907546
38.7124157
32.642883
41.400486
38.4246546
36.9009424
42.798046
28.1041694
38.6474418
38.8386938
39.9835877
39.2873039
40.4164901
43.2648138
28.12999
43.1150441
43.1301538
43.4794021
38.5708721
39.7542464
37.8985515
37.9287869
38.997234
38.7367312
40.6109118
32.6492737
37.3877013
38.52043
42.3334068
43.3264173
41.2404799
43.1059274
40.45395
39.7594215
40.422122
37.8276439
37.3968514
40.8375465
37.3697289
40.4338309
40.541256
41.5333819
41.23339
43.5651474
42.8800104
41.5124685
40.4406193
37.1308369
43.4643313
36.9951721
43.326339
42.5801078
42.7800791
42.0666268
41.6887829
41.7093706
41.9124164
42.9269753
42.59503
43.4647564
38.4021209
40.4339367
41.1455925
40.6188759
41.8453646
39.9589018
40.6182728
40.61797
41.9686962
37.8963188
40.4255889
37.3971909
37.0123583
41.5020706
36.9348639
36.7893085
39.5966829
43.4653779
42.8808002
37.9869962
42.5067596
41.427102
43.3579379
42.5615699
43.464222
42.8817283
42.8804902
40.2504545
42.9095997
40.1560532
37.9876315
38.34683
40.4125625
37.387969
42.5517197
39.3106151
37.1311269
40.0666884
41.57798
36.4626722
40.4288116
41.390405
42.1378049
42.7388911
40.9007073
39.4747439
39.2318525
37.5806694
42.882361
41.56301
41.7379667
37.1662098
40.2730083
42.1791718
42.8130835
38.3398097
38.6978416
42.684257
43.4408833
41.5388303
38.0116903
42.4168797
37.2480034
39.4802769
42.0267562
40.231415
36.69494
43.5443359
43.5446984
40.0169953
42.238136
28.949056
40.34865
41.8097276
41.531725
39.4626106
38.7085251
39.4852594
32.6398651
43.3855433
40.5761576
41.0650151
41.83615
40.6111673
41.5892014
40.416737
41.3965158
38.415276
42.111946
38.26194
41.1554566
39.2705907
39.4642666
36.5192237
42.007787
37.6307942
40.4203134
37.8793
42.1373158
40.4971827
43.3692094
42.2383452
39.469672
42.8810996
41.3781724
40.4267883
42.3841249
37.0797652
28.1063258
42.1762245
39.4883113
42.4664453
40.4278984
40.427669
41.5631112
38.634167
41.6128404
38.0917445
40.4289126
42.881473
39.7679667
40.2085689
41.4169245
37.1075518
35.721552
35.66193
35.660912
35.550984
35.694763
35.665351
35.719715
35.666014
35.608604
35.666214
35.655534
35.613204
35.670221
35.666701
35.6353
35.695886
35.651263
35.7628822
35.675256
35.688886
35.57294
35.664626
35.656709
35.669414
35.668851
35.670598
35.7007341
35.644476
35.696698
35.647992
35.57205
35.669887
35.6683099
35.7021694
35.652969
35.669678
35.708414
35.6566635
35.650023
35.670628
35.669108
35.661667
35.674776
35.664633
35.706387
35.689246
35.644588
35.660754
35.686624
35.756362
35.654087
35.718455
35.6950224
35.687041
35.664959
35.659959
35.608061
35.654728
35.704883
35.630775
35.65014
35.697698
35.704507
35.691759
35.642488
35.608524
35.671997
35.670999
35.668592
35.663492
35.706771
35.649953
35.655522
35.65356
35.730294
35.661982
35.689588
35.689133
35.670855
35.636892
35.696701
35.669363
35.6497089
35.64481
35.708552
35.692482
35.640904
35.664771
35.680288
35.627101
35.660055
35.681813
35.685326
35.672828
35.6692427
35.668851
35.6428
35.704457
35.695341
35.646608
35.710706
35.674949
35.644442
35.616823
35.73804
35.665989
35.648675
35.700348
35.730883
35.638499
35.691936
35.670726
35.665351
35.562899
35.6286676
35.719604
35.688123
35.660707
35.710102
35.709931
35.709277
35.726117
35.681601
35.734057
35.722628
35.651893
35.734302
35.724066
35.70631
35.693166
35.697528
35.618815
35.695692
35.673366
35.65085
35.685354
35.744586
35.763091
35.711835
35.644681
35.700778
35.753411
35.694712
35.6507696
35.551272
35.70173
35.731118
35.706397
35.693392
35.705197
35.658623
35.671318
35.68952
35.711314
35.703479
35.700047
35.698722
35.66701
35.604993
35.6988827
35.704383
35.688889
35.709758
35.670097
35.646974
35.6687883
35.721514
35.644177
35.660937
35.66305
35.6660473
35.633996
35.6588
35.670773
35.712099
35.690567
35.650758
35.670208
35.703892
35.670853
35.671805
35.671403
35.672498
35.590775
35.712326
35.709802
35.652917
35.727287
35.686215
35.703505
35.652457
35.696163
35.642765
35.628673
35.677867
35.702464
35.635061
35.707483
35.679151
35.712956
35.67433
35.670403
35.716906
35.655195
35.672764
35.649091
35.681823
35.647308
35.699131
35.701196
35.682082
35.694898
35.670349
35.680079
35.684005
35.691283
24.501757
24.4024805
24.4019529
24.5387368
43.8763874
43.3872152
45.8126772
41.5074929
42.4752574
41.8951741
42.2506881
43.8485511
41.8864511
44.4796072
41.9058387
42.6601179
45.9231937
44.4966213
42.3489089
41.9069982
41.9436379
43.315418
43.3777307
44.0717345
46.6116075
43.2749644
45.1760808
44.9253944
41.8734074
40.9390634
45.761494
44.7687333
44.4981324
44.1277571
46.0778797
44.30972
45.921916
43.05894
43.8463162
45.442
40.7115883
44.6414004
40.6473603
39.96073
39.5638514
44.7559486
42.7755985
45.4873742
39.2202729
43.7596765
40.3586767
43.7716399
44.8537024
43.770681
45.13071
38.62534
40.28994
46.3072076
40.732876
46.3805699
46.0113105
39.2165191
44.8734471
44.7540004
42.30439
42.71786
40.8471624
40.7496437
42.6829548
44.6961302
44.8331758
42.7482346
45.55678
45.8233063
40.2674694
39.7753123
45.1364114
44.277054
45.5536988
44.63598
46.36565
45.56987
45.7723788
46.1250037
46.8092067
46.2746922
43.5461484
44.200314
45.2724821
45.6111527
44.7299093
43.6109808
44.2683552
42.9355659
42.9952602
40.52995
44.8363193
45.8854479
44.4231154
42.0930835
43.1271351
40.1017552
41.8964575
40.6465
46.094402
45.0706512
46.4991536
41.1569021
42.94457
45.6289367
45.47452
45.3801999
37.506428
41.0942246
45.5730306
46.0156066
44.5286983
43.6950608
46.3835301
44.7792987
41.2259495
44.5097151
38.08595
44.586742
44.6937542
44.7240966
37.9317244
44.6492927
38.6075071
44.6775617
43.2187801
44.750548
41.6893365
41.1722059
43.54092
44.4939376
46.1896712
41.899017
43.0561
45.5525644
43.4598625
45.0714727
42.472985
45.7609563
42.1438896
37.3108491
45.6996073
38.9489777
43.7828245
45.5344148
45.8749598
46.1706561
38.16714
44.7745082
44.6516877
43.68966
43.0159011
45.0623867
45.57613
45.0583351
45.6617521
45.8835521
46.1699887
44.3563305
44.4181181
40.6087388
46.1610218
43.1882927
45.53681
41.6844115
46.4644403
41.8775616
41.8976162
43.8969441
40.2183495
45.63496
45.5091669
42.7333583
45.0743527
44.8130607
43.5354466
46.015656
45.45215
45.4517517
44.7909875
45.7968129
45.59254
41.8771101
42.0507934
40.6040474
44.993989
45.4363246
45.1033105
46.5340136
41.8653128
43.92997
45.91312
41.0112866
44.1276293
45.4693768
45.6053
41.1147414
39.9771853
46.706382
46.7778091
44.5139886
46.22896
38.1171388
44.3938765
45.0969567
37.061565
42.5885057
45.7057228
42.9219683
45.4798954
41.8691706
45.1267675
44.8839459
44.0648372
44.1000069
46.3599668
45.8404279
44.7849738
45.8969808
44.2900882
45.8771069
40.6026363
45.6026934
45.4908586
43.7712441
45.3993734
45.1564689
43.3635471
43.8990174
41.747772
43.7429996
45.47267
44.35394
43.98591
45.4663112
37.8763419
44.2883532
42.0499185
44.8600974
45.6735429
43.7665284
44.9099838
41.0873415
44.8675184
43.518906
45.460635
45.7745125
44.7731085
42.46174
45.5696135
43.7940341
43.7641016
49.2749006
49.2577227
49.2828369
49.2783927
49.2683161
49.2628861
49.2548465
49.2734255
49.2784753
49.2465856
49.2760958
49.2683634
46.7059101
47.3040668
46.3819609
46.4877348
46.6809627
47.0564475
47.0885091
46.5061227
47.5679056
46.8742703
46.4995928
47.3744035
46.4640866
47.4428606
46.7742301
47.4460866
46.9833368
47.4064397
47.4611953
46.7872443
47.3792585
46.7746665
46.5199155
47.1721199
47.372832
47.4297309
47.429436
46.3637141
46.4143818
47.3724542
47.0712025
46.2388899
47.513068
47.2684531
47.296981
46.1635072
47.3902777
47.5548115
47.2393856
46.721039
46.5887963
46.2133539
47.2887122
46.1865363
46.7914178
46.727205
47.2814895
46.2075881
46.1545931
46.1595195
46.8169316
46.477774
46.4989712
47.3784889
46.7833612
47.383873
46.1833065
46.0015365
46.1195601
46.1912667
47.435373
46.7380223
47.3882068
47.3943012
46.663893
47.0944673
47.5266457
47.3518084
47.1291038
47.5514864
46.3023287
46.1838741
46.0112405
47.3089298
47.2063369
47.1674558
47.1507721
46.9462747
46.8836801
47.1955388
46.1646865
47.0463738
46.5184473
46.3108192
46.6141623
47.0483577
47.2072374
47.4620914
47.675254
47.1830427
47.1668742
47.02418
47.4611738
47.1660593
46.98687
46.4895677
46.5207672
47.41165
46.9465871
46.2042229
46.4952607
46.4705418
47.4429042
47.1685757
47.1353412
46.2024354
46.2543078
46.6255558
46.200627
46.7296519
47.3723599
47.3837072
47.696097
46.5534048
46.2009018
46.8277048
46.1871126
46.2803866
46.4326762
46.0045438
47.3712182
46.4886208
47.3728878
46.8176503
47.3787189
46.8615232
46.1909424
46.1917843
46.5786906
46.1808862
46.2037999
37.516773
37.57535
37.54964
37.51016
37.56035
37.54288
37.53858
37.56439
37.568186
37.52239
37.53958
37.54551
37.56419
37.58449
37.5307
37.56347
37.52785
37.516114
37.55705
37.49247
37.55677
37.59309
37.54681
37.545342
37.484524
37.56514
37.51698
37.56854
37.52689
37.5689
37.52003
37.56461
37.54944
37.49234
37.58003
37.56324
37.4833
37.5619506
37.5115769
37.55777
37.54744
37.57269
37.50407
37.57563
37.57423
37.567269
37.5509
37.53592
37.5708
37.53983
37.5166307
37.52512
37.57972
37.54501
37.57034
37.51727
37.55261
41.0228507
41.0171904
41.0759832
41.0520411
40.9458807
41.0036487
41.0291548
41.0246399
41.0321658
41.0603068
41.0391615
40.780955
40.6958409
41.2081435
40.914265
40.9562696
40.6396599
40.7325412
40.7522
40.7183105
40.7191046
40.7019454
40.6757788
40.6876752
40.7432134
41.1320052
40.9133018
40.9404952
40.9824806
40.9950101
40.6974281
40.7234369
40.7233393
40.7221457
40.7049991
40.7472628
40.7362876
40.7207604
40.6378423
40.64187
40.6748778
40.67796
40.7225817
40.779633
41.0514548
40.6896523
40.687473
40.7263854
40.7473463
40.7442458
41.0142288
40.7764686
40.747356
40.8118377
40.81067
40.732548
40.710365
40.7888
40.7435537
40.6309
40.7591074
40.8015558
40.70503
40.64047
40.624893
40.7272262
40.7072662
40.8541844
40.72922
40.68102
40.9868746
40.721645
40.737694
40.7297518
40.7195313
40.7615485
40.725666
40.7133818
40.7743579
40.74666
40.7093651
40.6254443
40.7334027
40.7302491
40.716683
40.8549046
40.7264798
40.715289
40.727269
40.729053
40.722725
40.7502
40.7192874
40.7426369
40.6874812
40.8073248
40.855078
40.72235
40.6734308
40.73553
40.725124
40.762066
40.8219
40.727924
40.7191602
40.7691365
40.8151979
40.8155761
40.7295987
40.74183
40.9035486
40.8033646
40.6751466
40.6656896
40.6878747
40.7433172
40.7501
40.8890987
40.759154
40.79022
40.7115772
40.6658055
40.7063761
40.7480409
40.7266603
41.0293554
35.001561
35.018217
34.698255
34.696284
35.007654
34.998246
34.676894
34.673859
34.695591
35.004085
34.997683
35.00666
35.04509
35.004149
35.001342
34.688824
35.045676
34.679901
34.703483
35.002727
34.687821
35.004549
34.69622
35.014191
35.017558
35.015281
34.691096
34.696659
35.037845
34.701752
34.682444
35.0009
35.008907
34.654784
34.999219
35.01222
34.687233
35.025573
35.011944
34.703493
35.012859
34.709842
34.686917
34.699957
35.005196
35.009215
35.0023483
34.699041
34.655611
34.697566
35.012148
34.999953
34.696341
34.676293
35.002491
34.693432
34.694201
34.683176
35.013582
35.02976
35.012304
35.012191
34.697053
34.676136
34.675263
35.033628
34.662744
34.638064
34.992681
35.014672
34.686151
35.004882
35.00209
34.709324
34.697535
34.697115
34.697393
35.005752
34.679389
34.711331
35.037603
35.040881
34.694133
34.671498
35.01166
35.046364
35.039594
34.684567
35.01716
35.010941
35.02815
34.995569
34.68241
34.696964
34.698514
35.004415
35.050015
34.697477
34.694079
35.014999
34.69789
34.684861
34.681842
34.665574
35.002515
34.677275
34.674065
34.696386
34.988248
34.686375
34.992402
35.009672
35.005793
34.697941
34.695592
35.000196
34.673326
34.694621
34.680986
35.014338
35.002489
34.682967
35.01254
34.711439
34.69736
35.027947
35.013703
34.689598
34.668371
34.740277
35.01362
35.012454
35.013547
35.004523
35.004851
34.696742
35.008622
34.702368
34.6767
34.696363
34.696969
35.01365
35.011998
34.696615
35.006216
34.68263
35.015297
34.957968
35.011075
34.726518
35.005993
34.696181
34.6778776
34.706578
34.988748
35.007634
34.672874
34.711264
34.698073
35.002555
35.001823
34.696528
35.002448
35.001869
34.983068
34.654418
34.989328
35.01341
34.672573
34.667297
34.693443
34.714117
34.681866
35.002752
35.015181
35.004141
34.687802
35.01224
34.681724
34.69735
34.69624
35.011979
35.034336
34.697549
34.676438
34.66199
34.676251
35.014704
35.018403
35.052722
35.018832
35.0117488
34.696723
35.044371
34.69679
37.9778078
37.9748437
37.9765222
43.6553245
43.6671374
43.6737435
43.6473435
43.6495441
43.6653507
43.6460751
43.6593617
43.6721175
43.6515356
43.6457658
43.6559669
43.6538018
46.0111224
45.6247236
46.6220488
45.7243204
46.0478785
46.006865
46.0501886
43.6519048
43.8325476
43.6454471
43.7079405
52.2550025
52.2252094
52.2364549
38.907818
38.9079122
38.942
38.906124
38.9466859
38.914898
38.89605
38.91176
38.900337
38.932957
38.878735
38.9001399
38.921295
38.9374907
38.9321904
38.9144387
38.89489
38.9250921
38.94222
38.9318821
38.9418882
38.900322
38.93187
38.90871
38.9213438
38.901665
38.905346
38.933838
38.900124
38.900967
38.9105891
38.9026341
38.8997152
38.9044539
38.8954
38.9419914
41.9031827
41.9320109
41.9218579
41.9398616
41.8527497
41.9357213
41.8592257
41.8858942
41.9665836
41.8522328
41.9301163
41.9097411
41.980762
41.9076108
41.9372337
41.90711
41.8955644
41.7996257
41.8579542
41.89749
41.8892692
41.8891577
41.9733966
41.8911348
41.9278163
41.917324
41.9217923
41.8843969
41.9878477
41.8535715
41.8446456
41.91759
41.890567
41.889297
41.88418
41.90331
41.9330403
41.7950081
41.95016
41.8050361
41.9105864
41.9288424
41.8858489
41.88426
41.93575
41.884617
40.4548686
13.717711
18.8005618
13.73685
18.7941249
42.4643866
36.73905
37.3917089
42.8469937
13.745954
18.8220965
7.91605
18.7909254
13.78151
41.381222
50.0888884
50.0987928
50.1074835
50.0566218
50.091347
-23.6384337
-23.5677577
-23.58831
-23.57449
-23.5773311
-23.5651924
-23.5823193
-22.9558572
-23.5486235
-23.4866595
-23.5602209
-23.55524
-22.9825882
-23.53255
-23.5606478
-23.556194
-23.5681997
-23.56794
-22.9831234
-23.5838596
-23.5679568
-23.5283406
-23.568077
-23.52668
-22.9091605
-23.5600507
-23.5301768
-22.9619176
-22.9841868
-23.563446
-23.53148
-23.5448671
-23.5630723
-23.5869125
46.7921018
46.1557524
47.497359
47.671505
40.018145
40.0148356
25.0439036
22.6043997
25.1442022
25.03582
37.879715
34.08342
37.8259318
45.8054958
59.9113436
60.1636375
55.6796867
59.9238618
56.1666923
59.3348436
59.9093221
59.3180379
55.694735
56.2820645
58.4073604
55.6851727
56.229523
56.1478296
59.051638
59.4382631
25.2140452
25.0922668
34.508629
34.549966
34.632427
34.678613
22.2852577
52.3220386
52.1905993
51.4835059
50.943868
51.972502
52.0247891
51.4788955
48.0973132
51.3120159
47.9933545
47.8435935
47.9707646
47.6370931
47.6670364
48.3202066
52.5283821
48.9848722
49.401599
47.6358238
47.4953154
47.8775192
48.0157533
51.0410072
48.0397549
54.8120501
53.5747264
53.5521418
52.4801477
52.4950421
49.5507141
48.141707
50.2173201
50.47174
51.3894195
51.5135994
51.0918478
50.1524759
51.3628321
51.3807226
52.9129032
50.5945366
53.4109402
51.9293365
51.44654
50.7261177
51.3442125
52.0747253
51.5428444
50.9601961
56.1056447
51.4679292
51.2198264
50.5926095
50.4550108
51.2160761
48.5375413
43.2200212
48.7905592
44.729371
42.7181258
50.07127
47.7604449
48.6007516
47.0214283
47.2364281
43.6437642
45.8321663
46.2050114
43.5271329
48.0275466
47.7888421
47.6568734
8.165075
41.3555907
28.1219882
43.3247005
43.3818041
40.8586469
40.7531204
45.922027
43.4165316
43.9729346
46.5519115
45.5740538
43.74317
43.986595
43.07921
41.8998749
45.002438
47.3740149
46.589947
46.7256622
46.653577
47.2142963
47.3545122
47.4188376
47.4785116
37.5230221
46.2680267