121.51696
121.559303
120.6285199
-122.43586
-117.1988908
-122.4032607
-122.8697229
-122.3990601
-122.36474
103.84042
103.83204
103.8516
12.6106175
10.7586363
18.0597575
12.5725289
114.15529
114.1590497
114.1574159
114.1698
113.54395
114.15867
113.54341
114.15816
113.56715
114.1821991
6.0980183
4.0241076
11.5629878
8.3582803
8.3269876
13.3860867
10.789999
6.8109342
6.9266002
6.3872109
10.0029635
-0.1415369
-2.954595
-0.15192
-0.1492905
-0.7017529
-0.2030649
-0.1621766
-0.6994376
3.1403981
4.4047543
3.5098648
6.6261535
6.5133065
2.3422847
2.7893292
4.4342679
4.0032666
3.99236
6.1445765
-2.2999341
5.544944
-0.3797229
2.2507182
6.6338696
2.314625
2.3169648
2.3645215
7.4271047
4.7529917
2.3008612
4.7873628
4.8854965
2.3421588
2.3003862
6.60007
2.3164993
5.3521929
5.3862325
7.5280514
4.9894987
16.3586534
116.410004
116.450148
121.474049
121.48509
2.1622018
2.1367664
2.1400168
-2.0731493
-6.3713456
0.0852209
-6.2164435
-3.6856715
-2.0152402
-2.81454
2.807927
-3.6988243
-1.9490932
139.761203
139.732977
139.719454
139.733551
139.741008
139.759193
139.739466
139.761942
139.728395
139.714528
139.748
139.735449
10.9215518
14.10107
11.2621974
8.4159486
10.3565788
9.7692511
12.4461151
8.0359341
13.2206503
11.8096633
9.161865
9.5037741
6.5766897
9.4462648
7.5875706
126.99935
-73.9964997
-73.9825882
-73.98223
-73.98234
-73.9872414
135.501289
135.765083
135.782364
135.786603
135.774161
135.775049
135.496084
135.507205
135.782079
-78.1595348
-87.648174
19.0596687
18.3183272
104.055887
104.060602
121.5372068
121.54723
121.5532054
121.56814
120.3051891
121.5594375
-118.2418788
-122.254846
-118.41206
-122.42131
-118.3301829
-122.41048
-118.3766888
-122.41543
-122.4196716
-122.4131414
-118.4915829
-123.719444
113.327867
113.326514
113.280695
103.8598
103.8470099
103.8414706
103.85314
103.854
103.854219
8.2423144
12.5889875
12.6137461
5.7308447
12.6001611
17.9857179
18.1237288
12.9966201
24.9523857
-7.022025
12.5411426
10.2089264
12.5888136
12.5839958
24.7280509
55.1391176
55.2348847
55.1326916
135.835467
135.753435
135.834095
135.829383
-80.1921438
114.175716
114.1571177
113.5449903
113.54578
113.5669767
114.1580538
114.154711
113.5723245
114.17221
114.1761315
114.1598747
114.1477192
113.5479285
114.1552862
114.1577065
114.17395
114.15542
114.156654
5.8595982
3.6028432
4.8942749
5.9094623
4.57934
6.2466765
6.08019
5.577939
5.6202128
5.5547065
5.4693081
4.4894221
4.8447563
4.8928264
4.9003151
4.89701
4.8839959
4.4715943
5.836146
4.4795369
8.6704255
11.7542108
10.9126019
7.7088806
8.6565825
11.5735681
11.6069241
7.3973765
7.7251226
7.0076258
6.9996028
7.6294251
9.4999203
8.4699546
9.2135508
7.1604778
11.557409
8.2887697
7.1642775
6.7552911
8.2507048
11.5771585
11.0748188
11.1869112
9.9980345
9.1874594
12.3754206
9.9914638
11.0536916
10.0285764
9.7607489
8.3818104
11.588259
8.1853374
6.9657432
9.9943521
8.5471151
13.380011
12.2619376
13.3933841
9.5258355
13.3737404
13.420793
9.7338212
8.1905051
12.4656176
10.7656888
13.4274391
11.577475
-0.1359557
-3.9439501
-0.1999842
-0.053981
-0.1406558
-1.0915663
-0.7836567
0.1284006
-0.1552575
-3.7517344
-1.6893656
-1.1676041
-0.1599147
-6.2530071
-9.3725309
-0.1144589
-0.078325
-0.13647
-0.1688013
-2.8919183
-6.1778934
-0.0779535
-0.0776187
-6.2639708
4.3784982
4.9904679
3.1957656
3.8379089
5.3097212
4.4233593
3.6736201
3.2777835
6.2493973
4.505835
4.4054987
4.8469885
4.3868414
4.8329862
5.6159232
4.3281195
3.3430165
5.122613
5.6676398
3.2436215
3.7288256
4.3598443
6.2486842
4.0517461
-0.1566263
4.8475623
7.3620885
4.842588
4.8564194
-1.1599181
2.2985338
9.3099771
6.638027
3.2877885
5.0356396
4.8372034
-1.2178012
6.629984
6.1721868
-1.8711232
1.3375763
2.3759654
2.3603104
2.3193146
2.3269216
2.3391955
7.014556
2.3132078
2.3024829
2.3391432
5.7982975
7.7225409
4.8200267
2.3279216
7.265581
7.3533263
-0.57461
2.3097038
1.1501235
7.433043
7.7906578
3.0019613
2.507246
3.3853151
3.0519431
-0.5572
-1.20669
7.4379746
-0.3374123
4.0375804
4.2321852
5.8240603
7.4002192
2.3164988
7.365027
6.638871
-4.2351146
6.6481676
2.2933134
7.4882994
5.8315479
-2.2134222
2.3098732
2.3143813
2.9918502
7.2718302
4.3527079
1.7544175
2.3278399
6.210543
4.4224997
2.8938527
4.8668625
1.4408583
16.3762794
13.0078642
16.3815669
16.3770073
16.3797942
13.063525
116.453254
116.461892
116.4856
121.464502
121.45071
121.4854918
121.448654
121.4854
121.482315
121.492954
121.47799
121.48346
100.51691
100.57856
100.51627
100.56989
100.5171696
100.5457264
2.1664829
2.1530369
2.1597015
3.0160537
-4.7583913
2.1969283
-1.0910555
-5.1931556
2.1521767
-9.1411358
-1.9171152
-4.0462052
-0.4451945
-5.16655
-3.0144146
-9.1415741
-3.691358
-1.163767
2.5009
-8.8957637
-4.8857086
-16.7535126
-8.3792041
-1.9859469
-8.6133869
-8.31367
-0.3745175
-1.533913
-3.7002477
3.1601265
-16.799017
3.4395565
-8.75447
-3.6861735
0.148496
-3.690676
-3.6962925
-8.7147233
139.738152
139.743334
139.723162
139.749184
139.784916
139.743511
139.726652
139.722147
139.765277
139.762822
139.710124
139.741089
139.767155
139.716582
139.721271
139.739938
139.79699
139.795384
139.774073
139.738271
139.763347
139.724008
139.735892
139.712697
139.7227
139.733371
139.767805
139.768149
139.779323
139.714544
139.763064
139.763104
139.766511
139.759203
139.762691
139.734126
139.761573
139.71369
139.729049
12.3298209
11.7124431
9.1910082
10.2355866
12.4673729
14.3537561
8.2778294
12.4693268
8.4722614
11.5204481
13.9338055
10.2043986
11.1165
9.0119212
14.2220085
11.3990641
12.4753719
12.1302222
7.788635
11.256
14.4232938
12.3498464
11.3221975
14.5000207
11.1568653
13.2661148
13.7675069
14.419559
13.2821211
10.9781986
15.2900353
10.669477
10.8995225
13.9487527
11.4906283
14.7408182
14.9845016
9.130776
6.9572319
9.8468053
9.181299
9.375499
9.6690121
8.5398173
8.5437311
8.5731534
7.5829398
6.6297747
9.8109132
8.6659803
8.5395326
9.5319821
9.5022986
8.5800672
6.0388597
9.0325819
7.5869107
8.7904459
8.1747071
8.4775489
8.7728734
127.041069
127.04355
127.04414
127.00517
126.97806
127.02602
127.04193
127.01903
28.977656
-73.8292966
-73.98155
-74.00911
-73.97628
-73.9916056
-73.982025
-73.97214
-73.9669769
-74.0055912
-73.9826751
-73.9675039
-74.0078519
-74.0075518
135.775871
135.777074
135.769152
135.51986
135.770647
135.499685
135.774574
135.793011
135.497901
135.510132
135.511084
135.743425
135.511871
135.750507
135.73416
135.490966
135.755967
135.510671
135.776646
135.771236
135.778857
135.776045
135.792708
135.760466
135.774545
135.503519
135.513189
135.775315
135.779734
23.6920295
-79.3958233
13.5382362
19.94608
-77.02386
-76.99514
-77.0321498
-87.6595739
-87.6453022
-87.6606324
-87.6252282
-3.6928119
-0.3852003
-16.9266478
-46.6674788
-43.194424
-43.22471
19.0621952
19.0522285
19.0524595
19.0521322
18.7415203
19.0506611
19.05914
-106.81978
-104.9824196
-104.9969767
-105.01088
-105.2724941
104.086383
104.056593
104.089499
104.051369
104.0607948
104.053347
104.060215
104.060726
104.007964
104.081227
104.081984
120.64902
121.5605264
121.5541294
121.5241219
121.550788
121.552875
120.634515
121.52486
121.5636541
121.529965
121.554783
121.536248
121.5483519
121.524244
121.5313736
121.553699
120.3054316
120.6564165
121.5427565
121.5505871
121.524176
121.55288
120.64085
121.5220238
121.548349
121.5271858
121.5505992
121.5506823
121.5593471
121.5528189
121.543527
121.5537337
120.2916502
121.52997
120.6836711
-122.401688
-120.279387
-118.3975672
-117.8856979
-122.4091443
-118.3245399
-118.4944008
-122.43282
-122.08044
-122.4009242
-118.483862
-122.4221618
-122.4074317
-117.1913167
-122.3211
-121.4829661
-122.4219651
-118.255844
-117.3516968
-117.1418816
-122.56168
-121.501422
-118.4914389
-120.6898229
-122.43581
-122.406654
-118.398404
-121.924355
-118.39904
-122.40951
-118.2479493
-122.4288317
-122.14362
-122.2104559
-122.39213
-122.44614
-122.56719
-122.4327933
-117.8854377
-118.3536365
-118.256134
-118.3386857
-122.3366
-118.3332968
-122.4206863
-122.28928
-122.4036208
-118.2383255
-122.43283
-118.1667769
-122.0352659
-122.25178
-122.2323102
-122.40534
-118.2413626
-118.2625547
-120.9113324
-117.3833257
-119.6257156
-118.4024313
-118.2341103
-122.86942
-122.4108346
-121.9221052
-122.9006172
-122.4100236
-118.2369345
-122.45023
113.254258
113.2911037
113.25478
113.3342435
113.237649
113.483335
113.280695
113.320629
113.237649
113.322958
113.279568
113.327751
113.321903
113.317995
113.321816
113.328901
103.8520522
103.8486021
103.8441494
103.8431873
103.8100724
103.8348231
103.8529255
103.8624
103.842976
103.841484
103.8443
103.8506988
103.8414145
103.83147
103.8574032
103.8519798
103.8418934
103.84713
103.8539
103.83692
103.85162
103.8293379
103.8341574
103.8603
103.8597843
103.8324
103.8296924
103.84955
103.84931
103.8365
103.8086664
103.86369
103.85802
103.84755
103.8562751
103.84174
103.843918
103.8420837
103.8548689
103.8247494
103.82048
103.8488982
103.8473514
103.8441838
103.8421799
103.8639515
21.023509
16.9288155
18.1115484
14.8975384
15.8890466
15.9880697
17.1370191
13.63182
15.6396388
14.2511936
13.6360524
14.4580907
14.3507329
7.1539087
-21.922443
18.071196
10.3962931
18.0713226
24.9314304
9.7962815
5.7432527
11.390805
12.1786546
5.7461623
11.6594175
18.0437729
10.7289794
14.9690273
10.7490285
11.9738899
11.9828365
10.7431174
12.547932
12.4951512
25.6640296
12.5685039
18.0662575
14.8043573
5.3287317
9.5329557
10.7386926
13.1400487
9.7833821
10.4081362
10.7263103
12.0477692
18.0747963
12.584676
10.7685963
8.2331898
10.3990388
12.5758339
11.9621856
10.4374264
18.0498009
10.7096768
22.2724407
24.9548241
10.7511251
8.8969789
-21.9234607
12.5355099
24.9415804
10.7401093
10.6353434
12.5594919
9.7548686
11.9654719
9.5548961
10.2177829
10.2266839
11.9825147
10.2118958
-22.450119
24.9326985
106.7028706
105.8565699
105.8360833
105.8394747
120.1280369
120.11904
120.0985672
120.0971693
120.13323
120.12294
24.8263897
55.1853653
55.1116278
55.1180151
55.2512424
55.2825154
55.2748678
55.1180148
55.1275537
55.2510082
55.2763284
55.2351396
135.717264
135.839542
135.835217
135.844418
135.8345922
135.760581
135.752588
135.693949
135.798021
135.807029
135.715597
135.827548
135.833865
135.830455
135.812879
135.750369
135.793285
135.714823
135.816499
135.817159
-80.1200819
-82.4646
-81.361526
-81.5438057
-80.1216265
-80.2428184
-80.2012828
-80.1915242
-82.45109
-80.1914519
-81.3458703
-80.1326776
-81.4293671
-80.1914524
-80.192481
-80.2452564
-80.135047
-82.46831
114.1521406
114.1566663
114.156779
114.1553834
114.1528913
114.1525511
114.1707918
114.17179
114.1593485
114.1710507
114.15677
114.1683295
114.1741651
114.1717998
114.1594171
114.1566761
114.1566986
114.1529127
113.5551252
113.551926
114.1644721
113.5432276
114.1530901
114.1697935
114.1821991
114.1529424
114.1567709
114.1572026
114.18452
114.16434
114.17763
114.1552639
114.15525
114.1492298
114.17182
113.5702912
113.5553965
114.177155
114.1529146
114.1567846
113.5653136
114.1755582
114.170006
114.1772288
114.1520977
113.5680458
113.556615
114.1918676
114.1599308
114.27188
114.1720828
114.1579314
114.17497
114.16933
114.169856
114.17273
114.1837574
114.1757148
114.1574689
114.1658556
114.1572052
114.1769077
114.1708815
113.5610548
114.1567744
114.15299
4.856129
4.8842483
4.8982025
4.8993625
5.4753117
5.4841506
6.095634
5.4612835
6.0959506
6.02355
5.6873764
3.8889127
5.6523719
4.8595734
4.3936769
5.7079287
4.8038928
6.6724201
5.6209585
4.895512
6.0226879
4.9146783
4.4714977
5.8850739
6.0017285
3.8145823
5.7227954
5.7034285
4.874658
5.6990715
5.3123
6.9978667
5.7586213
4.5025673
4.5917081
4.6289256
4.635801
4.4795771
4.7498447
5.1252355
5.6940708
6.6803737
6.0899357
4.6561801
5.9611172
3.5681281
5.0696473
4.6944638
4.6376627
5.64718
4.4752838
4.6381713
4.4776161
3.3821877
4.5849566
5.282136
4.873797
3.9770577
5.3222811
4.4271384
5.2302915
4.9391336
4.8931716
4.369309
5.4003626
5.66746
5.8914267
4.443638
4.9302753
4.7831714
5.6570656
4.4903284
4.8928801
5.1177775
4.3130608
4.894229
4.9242637
4.7134847
6.7823645
4.483346
6.4200312
4.8566529
5.6993143
4.8942525
4.8894578
4.3457403
5.2987817
5.1243245
5.1360069
4.8982876
6.50191
6.4576958
5.0235487
5.0324559
4.4774595
4.8594267
5.0216548
4.8982799
5.9808834
5.1970972
5.9521343
8.6659109
7.1050518
8.5709235
13.5035697
7.5277892
11.0541219
6.7784388
8.6871455
9.9305144
6.785749
8.5524568
13.7761321
11.5882597
7.4441728
11.0337381
8.1746485
7.0132284
6.9652459
11.5745888
8.2551053
7.2693768
12.8257045
9.757391
8.3838147
6.850819
6.9027898
7.8647925
7.6571982
13.0296421
10.0058231
7.0689139
8.916984
8.6534663
7.1122542
7.0086038
13.3638583
11.5758627
12.3450485
11.5284152
12.9892613
9.1781837
8.2912568
9.1843343
8.6706931
8.1545647
12.9450742
13.3336378
7.658225
8.4045683
11.4062317
6.6349596
8.8016187
6.4149968
7.8475694
6.7943034
8.5318245
13.3676288
13.3953009
7.8547474
7.0014943
6.7824651
6.7338663
8.9547833
6.7807831
9.1352183
11.2598384
13.3007267
8.289494
11.6303119
8.23999
8.1281943
8.4748202
7.0114426
13.7608648
12.0963365
8.4661065
13.5625158
8.3328345
7.6560639
11.9136635
8.3582841
8.2962752
11.1184521
9.1513479
11.3498541
11.3422232
8.7698838
8.82098
10.7796793
9.1762495
9.6048158
9.7702979
9.7569147
9.528005
8.6892208
7.0052911
9.70618
8.1215273
6.7863334
12.2825454
6.6826348
12.3447487
8.6825938
8.7716237
13.3988326
6.7762351
6.8020825
9.2634674
9.1703332
9.2770749
10.8985227
9.676736
6.069238
13.3880944
6.1833094
14.1675151
6.6678518
6.8832352
9.9186842
9.316526
9.1728019
6.9610124
9.194338
10.0242588
12.5964184
9.1709218
8.1805674
7.7074626
6.4778448
6.7865908
7.1150119
10.0125173
7.0914851
13.3937041
11.766113
12.0963527
12.3074069
13.6117968
12.0992138
8.340913
11.0568482
12.7757295
6.8920066
10.1245163
10.5726092
12.9622225
7.5814339
7.9480494
13.0575786
8.7638033
10.682255
10.7702772
8.1383203
11.587331
10.2783328
10.2570174
12.3800483
6.9372169
12.1982993
10.493869
7.1389104
8.0642438
9.673153
10.0801288
10.0777456
7.1874286
9.9170486
7.6191805
10.2267305
7.9249354
6.9617559
11.5777467
7.0665535
11.0938941
10.7768228
11.6138327
8.0810284
9.3423876
11.5188582
8.6717395
7.5967303
9.8977926
10.7890914
8.4761985
9.9924975
13.6753756
8.8982028
11.0212737
12.3624098
8.0614395
11.5779835
6.9527411
6.9564935
7.69288
12.2986817
12.829388
6.693944
14.4297195
9.965481
8.7356572
7.5311837
8.0331566
6.9426892
6.9529976
11.6842682
9.9795367
8.7129018
8.3879211
8.645506
10.0651509
11.5489325
11.0759
8.2443469
9.1290315
13.3455401
13.3679611
7.858809
9.9574392
10.001631
9.7638311
8.24148
8.1874237
9.1323653
9.1780757
10.1198493
11.8423091
13.4352288
9.4556862
9.6273985
13.3537639
7.6260295
14.1608992
10.5917274
9.5391268
11.5702579
8.0282239
7.6197904
13.4137112
7.1662272
13.4565275
8.1820048
7.2518493
13.4224001
7.1525078
10.8969716
13.3548455
7.559955
7.53532
13.6007906
12.3239168
11.9514969
12.0934977
13.3906005
8.66055
13.0468265
8.1354849
8.878516
10.7890106
7.5398759
11.5884325
6.6674968
6.3320766
11.7886069
9.7666002
6.9520487
9.975686
6.9608324
8.342642
8.6742761
-0.1419715
-0.0752056
-0.09924
-2.8821764
-0.2266159
-8.0596578
1.2928964
-0.1321455
-4.1611699
-7.7150846
-4.1629618
-0.1484316
-2.2587232
-3.2218372
-1.010154
-4.9398914
-2.5940282
-0.6680979
-0.544566
-0.2637258
-0.1322606
-0.5904314
-1.5796992
-0.7771484
-1.9014937
-0.1375118
-0.1418453
0.1243546
-0.1450274
-0.4926149
-0.0773417
-0.7020536
0.9880742
-0.1473024
-4.8286277
-0.1529346
1.0762788
-1.9225752
-2.1021873
-1.1879112
-1.1655005
-3.0158049
-3.4181281
-4.2892809
-0.3345537
-0.1964558
-3.5248752
-1.5393791
-3.8750375
-0.1218804
-2.8902774
-3.6711138
-4.8319372
-2.2508633
-0.141435
-1.7092988
-2.9536409
0.9585055
-1.6101143
-3.8527163
-0.1451152
-0.1444006
-1.8277572
-0.05691
-2.8753453
-2.2319991
-0.1514876
-0.6164597
-2.1490761
0.7144697
1.1264202
0.5092639
-0.1560845
-0.6162893
-0.1567357
-2.9511723
-4.2837872
-0.0846577
-1.1499072
-1.9079211
-1.9053405
-1.9013634
-2.8845087
1.1253358
-0.1509184
-2.695993
-3.1718853
-0.2243521
-6.2749102
-2.4474228
-3.1752013
-2.0771961
-0.1426426
-0.1573303
-0.1326712
-2.75094
-0.5345384
1.4408143
-2.597816
-0.1394943
-4.0566742
1.0872934
-2.0789971
-2.5323665
-5.9324981
-6.2616367
-1.63174
-0.1378262
-2.9190308
-2.4536672
-1.1459883
-4.0861988
-0.7088648
-1.7009081
-0.1326731
-6.2762931
-2.1329127
-1.6084582
-0.1456983
-7.1878064
-1.0904831
-5.9220051
-0.0850643
-9.0569977
-5.9274028
-8.4798857
-2.9632276
-0.0771288
-0.1422829
-2.0596882
-0.0815879
-0.1612878
-0.1321759
-0.1349237
-0.07827
-1.9266976
-9.2955931
-8.524059
-3.178817
-3.1725849
-2.8812522
-7.2460652
-9.4608167
-8.7772396
-3.1703986
-0.0840542
-2.2278659
-0.100421
-0.1352265
-0.2606582
-0.1677604
-6.57252
-3.2020644
-2.3630903
-2.9623465
-0.1653296
-0.1627003
-0.256007
-0.1018202
-2.686909
-0.30028
-0.14145
-0.1014144
-0.1969096
-0.0577366
-0.0641532
-0.0255191
-0.1443178
-0.086521
-0.1571945
-2.9003591
-1.5630817
5.951217
3.3826144
4.9521178
3.1490599
4.4695619
5.8492842
4.3829209
5.4106369
4.7387117
5.42186
4.7456131
5.8513194
4.4055878
4.4264854
2.9734058
3.9900792
4.3468964
5.1037114
4.3820393
4.3908926
5.566086
6.1357961
3.7029908
4.1029001
4.3992103
4.7114912
4.4800401
6.1170458
2.818281
4.4819428
5.7367212
4.6655965
3.5751997
5.9556437
5.2388049
5.0748306
4.418125
4.6596864
4.392667
5.5961592
4.4157849
4.3835317
3.2893828
4.3459079
4.9408671
3.606346
5.3712656
5.3335502
3.2823561
4.1795447
4.3994372
2.7525755
6.0417021
5.3876393
3.2417056
5.4627023
3.2351421
4.2674168
5.4557638
3.7337919
6.187337
5.1178395
4.1833145
5.3687051
6.1505473
3.951299
4.2619825
2.591914
6.1445134
3.2681339
3.7784136
6.12227
4.3580416
4.0662034
3.2563193
5.4616897
3.2218248
4.4057647
4.4068949
3.3705692
5.52895
4.3002815
5.2218357
6.12611
4.418618
4.4051934
4.3566706
4.3482107
4.793442
4.041179
4.7024848
4.3507766
4.3701302
3.7109243
3.2321611
4.8801357
4.3719965
4.463224
4.1781069
3.8873851
5.5534543
4.9241458
3.2381662
4.2126098
4.0215597
4.4027957
5.3405435
4.0406609
5.0637505
5.0377695
4.3700555
4.2731124
4.1554453
4.8540444
3.7329199
3.7322294
3.2879658
6.216315
4.361522
2.6110153
5.4657753
3.7321301
2.3421907
-0.5837068
7.7685673
7.2742651
-1.5338567
2.2874876
-1.5633177
1.5914671
4.8315131
6.6469716
-2.2140297
5.6101244
2.3141338
2.1830535
4.6941996
0.1816045
2.2915873
6.3168158
7.4250245
7.3314132
4.8333205
-1.6644341
4.9838433
-2.7261477
-2.010532
2.2797777
2.2782052
2.2949918
4.7319215
4.8492927
4.8314285
1.094415
1.7438252
6.6078486
4.0109723
-1.684632
7.2972837
3.0910721
4.35788
-1.4277611
3.1417055
1.4452295
4.0170014
2.433313
1.44401
5.7324792
5.478535
2.874288
4.836212
-1.6059286
5.3114
1.2493155
4.1007524
2.1233414
4.8274228
2.4667838
2.6973236
7.3740349
4.872302
-3.9871351
1.6096554
-1.0099137
6.711612
1.8642524
2.3418655
-1.6805561
2.2900701
6.3031572
-3.9718816
2.0941041
2.3066708
-1.5346294
2.7361177
5.7973728
2.0976083
6.8739886
1.007446
-0.5220022
-1.2963393
-1.0392481
-1.5843119
1.2913203
-0.15563
2.2943806
2.2270933
7.7069474
4.8559442
4.8264211
0.2359126
4.8263815
4.969631
1.4766068
-0.3474375
-2.7632962
-0.59238
4.8233917
5.45684
6.3136031
5.4951285
6.6380783
6.1356717
-0.3655578
-1.87165
-2.1235452
2.2404762
2.9054636
0.0793655
0.0770849
3.8962412
5.50033
-1.8350415
-3.9127356
2.2830139
2.2989942
2.2978116
2.3376315
2.3257735
2.2934586
4.76787
1.9104472
4.74395
7.3610962
6.627029
2.2966057
2.1646949
-1.6826979
4.8324435
1.5259019
5.0044798
5.4387208
-2.0490902
7.1284844
5.4649088
5.4513227
5.7570391
7.3340648
1.5295482
2.6296242
-1.9054771
6.4495774
6.588246
7.1216544
6.49026
2.71992
1.5107135
0.21289
8.8318859
-0.0285254
7.1181731
0.6089812
7.2828846
4.825745
0.0524964
6.0258533
2.8562352
5.0442865
-1.49912
0.6462835
1.524975
7.74322
5.8522537
6.5938711
6.120844
2.3196445
7.9475461
4.667878
-2.7428099
3.67271
2.3627119
-0.3905952
2.3806905
2.3305026
2.3089154
4.9072086
6.5916589
4.6969883
8.9469027
4.7375618
5.0412341
-1.8517181
5.3605085
2.3787415
1.3947504
-3.0786985
2.3427703
2.27609
2.3683449
2.3008263
2.3007485
2.3041107
2.3232442
1.0893938
1.0453809
4.8989819
1.0160758
5.3642746
6.12235
5.4047211
2.3072835
2.3681125
1.5308409
5.2312885
2.3436245
2.3412194
2.2923263
2.3408499
2.3377712
2.3325851
6.3658314
3.0571817
1.8650229
3.0571854
3.2503873
7.115675
4.8874741
7.1089745
6.0123896
4.7307466
0.7348884
3.8548891
-0.5038945
-0.552961
2.3017796
3.0944903
7.2500389
5.6666678
-4.7706307
-1.1480683
-0.57423
2.3284882
3.0232386
3.0890189
-0.5903561
1.307985
4.7974156
5.8531112
2.3388394
2.325489
2.3511901
2.3033772
2.3478539
2.3500033
2.3412069
2.32114
2.3143326
2.3494971
2.2973168
2.2945324
2.3532787
6.858981
5.0633622
4.3858639
4.2751453
-2.8981722
-0.5816042
2.3549236
2.33184
-0.2248163
-0.2466583
3.0827699
6.0405673
5.2559385
4.760257
7.3580855
4.8331975
5.75118
2.317003
2.341813
-3.459947
7.3554964
-1.5503162
-1.5534479
2.7394904
0.4450558
5.8996741
-2.8249426
-1.78727
-3.7479266
2.3278568
6.3794424
2.3211774
1.1775364
7.3026266
1.3830315
1.5502327
-0.95931
1.5253884
2.36804
4.3649249
4.7703905
3.0615791
-1.6199211
7.5440087
-0.5288223
2.3545943
3.0804584
1.139412
3.0879692
-0.4448214
-1.598438
4.8032742
5.3174831
6.7214393
4.8076612
-1.538436
2.3464362
7.4271
-4.4914853
2.3816
-0.5706004
-3.3598826
2.372288
5.0455563
7.1367775
2.2959142
2.3780547
-0.5721388
-0.5926303
-1.2208131
6.4630197
2.8876408
2.29997
7.8229459
7.4279751
0.6442736
-1.56527
7.7678399
-1.30407
6.97513
6.5861043
0.7973007
0.7133543
4.3105689
-1.094786
7.2399636
4.133207
6.1416315
0.8297197
4.8035568
0.4919745
-2.7546032
4.027062
4.77475
2.2956526
7.044991
7.0956199
-1.583558
2.347021
3.6981431
-0.5615545
3.0618585
2.3419097
7.4258682
7.7392451
6.6349308
-0.5038677
2.120209
5.4219559
3.8747685
3.21756
7.2843229
-4.7628871
-2.7508368
2.3523102
2.2976536
1.4604622
2.3213358
-1.4064951
2.3659006
4.8307716
7.1066248
-0.3344321
2.4367513
4.8909199
7.3981789
2.3182037
3.4192286
3.27418
1.8770687
4.9390332
2.1830307
-3.5847022
2.34333
0.72254
2.1209203
0.9965813
7.4278204
1.4326274
4.4714401
7.4443408
6.3282703
2.8835219
5.29218
4.8865476
6.8375024
6.53959
-0.1407129
2.3042735
1.4833258
2.3475262
1.9124177
2.324072
4.4213073
-3.3474837
-4.09825
3.2581585
2.3114674
2.304464
-4.2986479
2.3095202
-1.3616463
2.3252971
2.6049801
4.8585914
2.3186554
7.4837134
5.6240695
5.0986
0.9188379
1.1432985
-0.6084258
5.369905
8.7846305
6.600987
2.3117036
0.1031042
3.8730585
6.65567
2.3225579
3.6960785
-1.5618489
3.873955
6.7319345
-1.44962
4.9234014
2.3099647
4.8262876
2.7033586
-1.4447745
1.44087
2.3490797
4.8826914
6.1646539
2.3187122
4.9499672
7.2848004
7.269895
-1.5263375
-1.5777426
3.4120006
-1.6674639
2.33588
7.33508
4.3710137
7.2580223
3.8930311
0.1428152
6.37491
4.35921
4.7429648
6.2179
7.2085659
-1.31311
-0.5127259
1.4616287
3.9770727
4.9143701
2.3560682
5.3944545
2.3458979
3.8738324
2.315754
6.5673633
-4.1191145
4.8497698
-1.676248
3.0640904
6.1849668
7.4029807
5.044981
2.8932762
-3.1461614
7.4940282
0.4609734
0.2874804
3.2988056
4.8776071
2.2145117
-1.0985834
6.9453085
6.9011983
3.2436174
4.8323645
6.8592762
2.3460191
2.4857285
4.8261445
-2.9869249
0.51396
4.9078059
4.854575
2.3528989
2.3518849
5.3735291
5.3827724
4.8377091
2.3483585
4.8107351
7.4539991
7.9858523
5.4875038
5.3503153
2.3633746
1.60709
2.3404253
7.8252062
1.4345204
7.7753964
2.0360174
-1.5560928
7.7535855
7.747566
1.4413732
14.5160236
14.4046065
14.5154686
14.5069007
14.4491412
14.5141768
16.3410168
16.3767832
16.3648326
16.3681893
13.03569
13.0341933
16.3745163
10.1719794
13.0790652
116.44863
116.454715
116.453263
116.443233
116.4570814
116.39889
116.403524
116.454181
116.403739
116.4615173
116.416395
116.473274
116.443748
116.442599
116.353313
116.4116729
116.414122
116.452431
116.35324
116.454401
116.402415
116.424984
116.4054586
116.398637
116.4133837
116.4672
116.452232
116.409091
116.402769
116.461067
121.46432
121.460072
121.445604
121.48704
121.498024
121.480586
121.50343
121.46027
121.425095
121.486181
121.449455
121.48161
121.490738
121.44289
121.437471
121.493593
121.500972
121.489489
121.464502
121.507579
121.5039397
121.454124
121.43842
121.49761
121.453734
121.3889
121.44368
121.450915
121.442233
121.486211
121.464255
121.31633
121.468529
121.459782
121.4297
121.475464
121.51517
121.429009
121.472565
100.327
101.62616
101.71668
100.341
100.54989
100.6268475
100.5274976
100.57828
100.5661107
100.5021073
100.5476497
100.5347961
100.5105619
100.5457543
100.52764
100.50491
100.51541
100.510921
100.5162344
100.58784
100.5407912
100.5676933
100.5484509
100.53521
100.5084931
100.5021955
100.5854104
100.52764
100.54622
100.533871
100.5186491
-1.4694894
-3.6951195
-9.1414836
-1.854235
-3.69463
-3.698853
2.1540201
-3.6881793
-2.9248606
-15.6930938
2.1686733
2.6665427
2.6513729
-8.8148041
2.1580032
2.1564642
-2.5974397
2.1635878
-0.3726653
0.4293978
0.8093196
-2.6176801
-2.5805894
1.4415572
-9.2256498
-0.98376
2.655429
-9.1605213
-9.3962995
-9.0911606
2.1480369
2.1389712
0.060922
0.072623
-6.1359243
-0.433443
-2.929366
2.550836
1.0590381
-5.1842735
2.2065622
3.1170442
3.11829
2.6390996
-3.4531514
-4.8321518
2.6432285
0.1381766
-2.8276459
-2.2049087
-3.7854772
-8.600956
-8.6721346
-5.664287
-8.65202
-15.4397592
-8.2941256
-9.1542014
-3.844914
-16.7536227
-7.8129997
-9.397945
-9.2129467
-8.62831
2.1530609
2.1743763
1.0631489
2.301967
0.2851265
-2.9314328
-15.7595468
2.1624525
-2.9435024
1.2867365
-2.9330304
2.5084947
2.1754154
-5.65799
-4.0875496
-2.7598523
2.1541799
0.1079727
-0.6492128
-3.701983
-8.433224
-4.1474372
-8.6686035
-2.9263988
-4.7623009
-7.98049
-2.9422715
-2.4461804
-6.1641536
-3.6911998
-8.53579
-16.92367
-1.9870824
-0.8705451
-8.6405204
2.1584002
-15.4272769
-5.966378
-3.7881718
-8.5466466
2.6529955
2.81958
-5.5665652
3.0114904
-5.6642767
2.0959879
-3.0064064
0.007204
-5.6703452
3.0760903
-5.9936533
-8.5402512
-3.0491664
-4.3237821
-3.6783632
-5.3137839
1.9605884
-4.7914841
-3.6957039
-5.5810161
1.9003874
-4.4106521
1.1326351
-3.8292585
-7.8623301
-0.123197
-1.1319365
-3.7861942
-16.7352801
-9.155379
-0.40931
-0.4085046
-0.3575637
-6.2954065
-4.4130483
-3.687633
-3.6989277
-5.9836581
-8.8038837
-3.9481445
-8.6434132
-5.0598138
-5.7593121
-8.8719851
-6.7450292
-2.8142767
-1.6418103
-1.6367286
-1.7925817
0.3896166
-7.8637958
0.1925837
2.1522177
2.3327657
-4.8806499
-6.1357554
2.0907118
-3.6930752
-4.417923
-5.8225128
-8.0301921
-1.1432888
-9.4759076
-0.8804518
-3.8462246
-4.8997997
-5.067508
1.1320159
-2.4656422
-8.7238918
-8.6114469
-4.7224762
-8.6850196
-9.1398799
-8.7220674
-0.3696366
-6.7541046
-2.7659276
-1.6235713
2.4401289
0.3378044
0.4898701
-0.0339761
-1.5602059
-2.3497835
1.6709488
-7.5494437
-0.3697428
-2.6044708
0.904766
-3.6764858
-2.643727
-9.17645
0.427955
-0.8746479
-4.7797405
-4.7244307
-5.6665859
-3.6843864
-2.4482165
-0.3684603
-3.7140918
-8.480948
-4.2922482
-7.651429
-3.694612
2.9533814
-9.1449507
-3.6999179
2.9324298
-3.3219559
-4.7621095
2.217281
-4.5956774
-2.8325069
-16.7939375
-0.2781263
-2.4506206
-3.6982452
-9.1556702
1.5808591
-3.6738582
-6.0476206
139.760576
139.76559
139.6953
139.762016
139.718115
139.763076
139.684766
139.696486
139.72905
139.718789
139.692858
139.7445216
139.714502
139.734732
139.705993
139.778083
139.762079
139.708599
139.723177
139.761324
139.728182
139.637221
139.741046
139.743352
139.725138
139.761455
139.739762
139.764532
139.67426
139.770185
139.738845
139.730345
139.722356
139.720906
139.7190216
139.78362
139.707281
139.771164
139.783988
139.725157
139.704305
139.67875
139.79312
139.722303
139.720263
139.77722
139.782711
139.70695
139.732693
139.740034
139.76123
139.732286
139.720315
139.7845372
139.722361
139.68218
139.761906
139.741794
139.713816
139.781472
139.708235
139.763894
139.70467
139.760683
140.56462
139.744266
139.720882
139.710474
139.732418
139.715439
139.760066
139.731784
139.714261
139.738705
139.769792
139.758435
139.738844
139.73846
139.783986
139.767133
139.738486
139.727818
139.723284
139.733632
139.710117
139.785405
139.704359
139.729046
139.735547
139.705947
139.762747
139.767351
139.702444
139.757121
139.695539
139.720446
139.722546
139.764948
139.737891
139.718262
139.76171
139.740177
139.763396
139.760927
139.762062
139.716855
139.766796
139.774495
139.724801
139.767142
139.722413
139.754393
139.775586
139.723243
139.721852
139.815922
139.761992
139.705688
139.763671
139.76125
139.697277
139.707611
139.765033
139.733863
139.728149
139.761189
139.77049
139.784022
139.722586
139.773639
139.724214
139.729876
139.720956
139.737003
139.738628
139.738995
139.735674
139.740121
139.695172
139.723137
139.769906
139.723895
139.720168
139.751571
139.740033
139.735082
139.735275
54.3867312
54.316228
54.3173868
9.2042705
9.1175648
7.3208336
12.4593589
9.034291
15.2833763
10.6851821
11.2573751
7.68156
13.5077378
9.1696159
9.4460803
14.5928504
7.9622354
12.6797918
11.5873607
11.0739644
9.62902
11.2458106
11.3448122
9.3006567
11.399909
10.8788696
14.3565359
12.966885
8.0112719
11.2567125
10.52569
10.3368273
14.2555806
11.8598776
12.0203099
14.1234047
8.004503
12.8486278
12.475873
11.6532447
12.3684296
13.0433461
11.8796939
9.1884973
14.3931433
11.3582062
10.0859923
13.9082843
14.2540383
9.6526781
10.1758581
9.5375439
10.9836869
11.4293865
17.1227135
12.46747
12.2271443
7.6780009
12.345893
12.468814
12.363875
12.873689
13.2566963
15.0539834
8.0624786
14.9560516
15.290778
10.6081306
13.7928865
11.3538901
14.4841948
10.9999722
9.688801
11.1191355
13.8007894
16.6236902
14.2424253
17.5791501
11.405296
14.49951
7.994414
10.0093247
12.2645054
7.957004
10.52825
9.189977
10.5498607
11.6732881
9.1595273
10.1722156
16.4341752
16.4150326
9.477949
11.1021824
9.648062
11.1219854
8.1694186
10.56121
14.2311901
15.1419716
13.4631925
14.4515515
11.5459015
14.3813239
12.9672021
12.32682
8.9339301
12.2241114
8.4163876
14.4426613
11.30325
9.156
7.666969
7.663038
11.334968
7.9931019
11.2589442
13.316814
9.4694233
17.6590721
8.6599622
11.4594756
9.0825
9.1891665
7.8896044
14.51403
10.97122
9.1160488
8.1720871
8.4058245
13.1806079
9.8324198
15.1041205
11.55369
12.2655765
13.4962756
11.2615
9.0067135
12.1565176
9.4852148
9.5937071
11.9763509
16.9935
14.6016228
14.2151622
8.2957587
16.3178609
10.1700005
11.0420787
15.1998992
9.4898006
14.5266743
7.5886507
14.5122565
9.6775825
13.3572594
11.2665237
9.7650842
11.9290391
9.2135984
12.0493108
12.252958
10.7912839
11.9745195
14.2502024
12.396823
7.3155868
11.258857
11.4800311
12.1222949
11.8692538
10.1573065
14.0834126
10.2144844
11.4599683
14.4829218
14.5770614
12.3379939
11.8762348
9.355424
10.2433235
12.4679141
9.6736129
10.8975683
10.3430573
11.4808519
13.5116679
9.0719729
14.2300686
11.044014
10.018
12.257445
9.1932579
16.3276783
15.9488692
14.6130382
8.04705
17.1151639
14.6030985
10.781861
7.5334988
15.7714997
8.945731
12.7725315
9.0715676
12.4860308
9.2074636
11.7463421
8.8577576
11.1694582
7.676379
11.1066465
11.337221
16.6441951
17.0817921
10.6085873
12.4948543
12.4836585
10.2482771
7.6249928
6.8330183
11.6564315
17.396077
14.734819
13.410651
9.626508
9.3263
12.110501
14.3758036
14.3750106
14.5341855
8.08667
11.7597819
11.915653
12.484601
12.4111088
7.6519214
9.804207
12.6948157
7.68505
8.4116747
7.6319706
15.251974
7.533239
7.6840119
7.6960435
7.6911056
12.4909
11.422479
12.6814506
14.7751494
10.78183
11.1878246
18.177374
8.075849
7.7009861
12.3412
15.295927
12.62138
12.5663487
9.1926191
14.7606251
12.4946107
13.88421
13.9897625
10.899484
11.8482868
14.43397
7.7738025
7.98265
12.1636364
11.1910522
7.3320196
12.3851325
7.9903827
11.1608085
11.4970882
9.3696755
15.0655007
9.17929
18.1727703
14.6778363
16.6130384
9.35916
9.9966508
8.8883882
12.4691032
11.643984
14.5038074
13.0920268
11.5334034
17.599371
12.3601001
8.6104091
8.6104635
8.2066746
12.4730035
14.3988055
9.49741
11.1924477
10.8242148
10.6652261
10.5364035
11.4018545
14.3303537
10.8079125
13.3661866
10.92368
10.8244764
8.0059
14.6111085
14.8335
15.0429487
12.9193802
10.5755286
14.2047054
12.4727932
9.1944159
9.2016981
14.4785098
8.618368
8.8704486
11.251472
14.7407767
14.9570928
16.0129423
9.1876433
14.9758186
10.5032438
10.9055307
10.1930984
13.6208829
-123.0980763
-123.1007713
-123.0969955
-123.0901179
-123.1144584
-123.1006287
-123.0978836
-123.1468282
6.8486004
6.6677225
9.8417787
8.3119367
7.5843692
7.1001113
7.1759816
8.5476016
7.58646
6.1466147
7.2246987
7.7474356
6.152408
8.6255457
6.6314453
6.1476565
8.5947275
7.7411468
7.6208457
7.4487709
9.3964148
8.521285
7.8953583
8.3117704
8.946328
9.9260661
8.818755
6.1494507
9.546549
7.1398195
6.6828358
9.3833953
10.0336936
7.0155428
7.7484128
7.7462776
8.950395
6.158218
9.4461197
9.6004908
8.5403165
9.8114484
8.5209664
9.4606828
7.7386967
8.3419323
7.3756662
8.4641542
8.5905154
9.0189483
7.0690391
8.6275263
8.3210191
8.5415242
7.7478621
6.1417842
6.8423943
9.5037451
7.1514413
10.36009
8.9397411
9.5196627
9.4185999
6.2209024
7.4631886
7.4980391
7.8601193
7.575171
7.4497057
7.2890433
8.9458534
7.4598671
7.6266325
7.2085597
6.9216223
7.5608287
7.1782266
9.3530135
7.1638795
6.1516872
9.937879
7.5560208
8.5418139
8.5472792
6.1453852
8.7928471
7.2456915
6.3912786
6.1499175
8.5212339
8.5196918
6.1660977
6.9006885
7.365789
9.4918454
8.6454555
9.8397439
127.04158
127.04195
127.044515
127.05519
126.98443
126.97949
127.04965
127.04573
126.98845
127.0316888
126.97345
127.10253
127.04455
127.05429
126.9241235
127.0348773
127.00849
127.03478
127.04158
127.04502
127.04222
126.98103
127.04545
126.99285
127.03868
29.0630471
28.973378
28.9742896
28.9777509
-74.006101
-74.005433
-74.0055581
-73.9852509
-73.9920393
-73.9988216
-73.9783692
-73.9932693
-73.9637588
-73.9985773
-74.0087206
-74.0019745
-73.9542808
-73.98922
-73.9574999
-73.9627166
-73.958275
-73.99087
-73.9828
-73.9864662
-73.9929904
-73.9714729
-73.9890088
-73.9996385
-74.003006
-73.9717128
-73.98615
-73.99375
-73.9942984
-73.9555039
-73.9914627
-74.00549
-73.97364
-73.988991
-73.9874479
-73.9924121
-73.974663
-74.00451
-73.9948
-73.9930802
-74.00744
-74.00001
-73.97355
-73.993568
-73.9873421
-74.00137
-73.984993
-74.0099509
-73.9904647
-73.9857048
-74.0006729
-74.0058783
-74.0077126
135.518281
135.498063
135.765726
135.773901
135.494016
135.781565
135.504693
135.78139
135.778277
135.497668
135.495405
135.515563
135.500142
135.504198
135.515695
135.767564
135.778717
135.776468
135.75848
135.497215
135.758097
135.499446
135.499858
135.772512
135.775649
135.505988
135.497003
135.485572
135.729573
135.774437
135.773737
135.505946
135.764903
135.763492
135.505243
135.48563
135.495663
135.488587
135.49702
135.508376
135.476328
135.497797
135.516558
135.499116
135.769857
135.759172
135.753872
135.773774
135.769534
135.79052
135.516768
135.497285
135.500176
135.517727
135.484848
135.517088
135.780681
135.760946
135.492663
135.492641
135.775807
135.504137
135.767968
135.751001
135.775145
135.518716
135.497725
135.490367
135.769089
135.781565
135.755809
135.504716
135.495812
135.774645
135.772945
135.775794
135.735956
135.755203
135.773982
135.763986
135.77574
135.497901
135.453975
135.494552
135.76915
135.764806
135.756597
135.760774
135.498232
135.494028
135.758388
135.763078
135.487691
135.792739
135.761643
135.497946
135.532779
135.514269
135.501093
135.490981
135.499246
135.494629
135.521663
135.487567
135.756636
135.502426
135.510694
135.515598
135.78024
135.7633929
135.489021
135.496874
135.501957
135.46763
135.767871
135.676621
135.498633
135.77544
135.676574
135.505146
135.774754
135.494209
135.6756
135.50605
135.506831
135.766373
135.762726
135.780637
135.515054
135.763257
135.776041
135.502972
135.487964
135.757018
135.502257
135.778141
135.499257
135.774388
135.499915
135.7581
135.514231
135.744546
135.501828
135.471024
135.770837
135.505784
135.776138
135.742944
135.755563
135.500804
135.77446
135.502904
23.7189944
23.7936937
23.6585274
23.7431159
23.7294908
23.7722339
23.7429946
23.7168694
-79.3967752
-79.3888979
-79.3960828
-79.4199979
-79.4040597
-79.3923036
-79.3934727
-79.4067462
-79.37647
-79.4063364
-79.3332716
-79.3908739
13.7845892
14.2216299
13.6621231
14.1750205
13.9491988
13.5927606
14.50869
15.6146801
-77.0505927
-76.9950588
-76.9845997
-77.0723834
-77.0321599
-76.99908
-77.01991
-77.0245936
-77.0218
-77.0270052
-77.0009665
-77.06323
-77.0428198
-77.0321
-77.0244107
-77.0230773
-77.03105
-77.0218
-76.9936368
-76.9994792
-87.63824
-87.6518812
-87.64959
-87.6608602
-87.6758818
-87.6674488
-87.6446106
-87.6309689
-87.6468966
-87.6482441
-87.667733
-87.6959706
-87.6362118
-87.68686
-87.6426104
-87.66725
2.1618511
98.2757375
-6.59309
-2.8465048
-7.55312
100.5941359
14.4220733
14.425067
-46.6712582
-46.6790725
-43.179147
-43.1794682
-46.6797249
-46.6771879
-46.6590851
-46.64936
-46.6666262
-43.1956041
21.1083033
17.780407
18.2339024
17.8907882
17.8754718
17.8162828
20.3810813
-104.9919734
-105.0023246
-105.2477386
-105.03426
-105.044811
-104.9898073
-105.01154
-104.9744116
-104.9782822
104.094566
104.030406
104.0521506
104.0411665
104.0944178
104.0742463
104.050942
104.047258
104.080486
104.05607
104.0843466
104.0382948
104.0766859
104.013675
104.047612
104.0920198
104.0755866
104.0910142
104.0954124
104.104228
120.2883164
120.2073867
120.2915116
120.3432815
120.6552633
120.2953832
120.0629731
120.5690923
120.1921938
120.1747952
120.2107938
120.19651
120.2980909
121.5141359
120.1938327
120.2126012
120.2213038
120.1988805
120.196022
120.2851452
121.54258
121.5637
120.3026848
120.1969878
120.1689117
120.3042735
121.523728
121.5498352
120.256154
120.6441243
120.1943019
120.5720504
120.195999
121.530352
120.1937314
120.3105784
120.5138052
121.5263181
120.6840852
120.349832
121.5775559
121.5067445
121.525463
120.3122203
120.1804515
120.3082843
120.1950406
121.5447888
120.2213145
120.2050781
120.1945
120.1996507
120.2045826
120.1939385
121.5446576
121.5111851
121.51119
121.561034
120.682718
120.648969
120.1366261
120.3014009
120.2841362
121.5302932
121.5475693
121.5322
121.526092
121.5059525
121.5263441
120.8248237
120.6504773
120.63475
120.682587
120.6668283
120.3488072
120.1981005
120.1925813
120.16172
120.2931516
120.3123285
120.6706675
121.5121712
120.2351537
120.1966966
120.2518935
120.2042929
120.19716
121.5549813
121.536
121.5098001
121.49846
121.522054
121.51097
120.676576
121.5327248
120.7405707
120.3074876
120.3094563
120.2966045
120.28273
120.1932798
120.3279485
121.521854
121.5299894
121.5675751
121.5512975
121.5357748
120.6624749
120.6955987
120.3070903
121.5458616
121.4985619
120.636813
120.6825015
120.63581
120.668302
121.5525346
121.5482005
120.6921248
121.523703
120.6834946
120.29689
120.6490415
120.5878598
120.66232
121.616285
121.54525
121.50667
120.678196
120.662012
120.663236
120.68006
121.5021271
120.1105684
120.196311
121.5211335
120.68242
120.7137408
121.498529
-118.1968638
-118.2134391
-117.8907006
-118.33494
-117.1530704
-119.7070638
-117.85588
-118.2515256
-121.979004
-122.54743
-122.39265
-122.26835
-122.26734
-117.1301426
-121.8859271
-118.4881448
-118.38468
-122.42299
-117.9556132
-117.8237414
-119.7045301
-122.252075
-118.29869
-122.43468
-117.1697261
-118.06928
-118.13248
-117.853004
-118.2772213
-122.6427194
-122.415115
-122.4421573
-121.5040297
-122.291214
-122.3220038
-118.1683741
-118.4962761
-122.2112574
-122.28472
-118.15646
-118.0185111
-119.6521334
-122.40457
-118.01802
-118.248726
-118.3387599
-122.41141
-118.4976517
-118.1300283
-122.5050059
-122.2602429
-122.58903
-122.51801
-122.403015
-118.2907005
-122.2542995
-118.01197
-122.26616
-122.25663
-121.91513
-118.14981
-118.3612687
-122.0645252
-122.56138
-117.213925
-117.7354583
-122.4388555
-121.76999
-122.47362
-118.23589
-118.27692
-118.104243
-118.13225
-122.4326948
-122.3030479
-117.1388338
-117.1681432
-118.391235
-122.48576
-122.25265
-122.2628885
-118.24476
-118.1504096
-122.1443652
-118.3041058
-118.3724711
-122.36098
-121.2564971
-118.117454
-117.234556
-121.93434
-122.198888
-118.240532
-120.1419776
-117.160145
-118.4729134
-118.3689054
-122.36687
-118.0279443
-117.9286747
-118.0733
-121.4968009
-117.3775044
-121.92013
-122.4060049
-122.8236124
-121.4650099
-118.309
-118.1047332
-118.25355
-122.288888
-119.6916636
-118.27802
-118.2703816
-118.46568
-117.1538654
-118.2183724
-117.6628795
-122.2150724
-122.4227056
-122.41101
-122.4590217
-121.8995341
-122.871574
-118.275056
-118.0471398
-122.2456112
-122.4578989
-122.8300766
-122.5245
-118.2212657
-121.8505232
-122.1417697
-118.1230992
-118.410934
-118.3643785
-122.2641856
-118.2951512
-117.9192001
-118.376527
-122.481964
-118.364391
-122.4327725
113.2662879
113.245664
113.317203
113.317703
113.2549033
113.25606
113.321528
113.227805
113.288776
113.277431
113.236603
113.275449
113.308971
113.2864964
113.2514155
113.254877
113.270555
113.247211
113.316683
113.268745
113.265192
113.4464454
113.399661
113.2731218
113.2640679
113.309602
113.322292
113.2569204
113.244808
113.24075
113.2491648
113.328145
113.275231
113.371716
113.25471
113.2466758
113.245023
113.55284
113.317397
113.279196
113.263399
113.268936
103.854546
103.71848
103.7215061
103.870173
103.7184176
103.8457139
103.8448118
103.8457532
103.8466824
103.8081238
103.8885
103.788126
103.8483084
103.8220326
103.8044992
103.814139
103.8601437
103.8395432
103.8393122
103.8485355
103.85497
103.8477147
103.8792564
103.8457218
103.8433055
103.7380985
103.88579
103.8636367
103.870173
103.814139
103.814139
103.802653
103.8312898
103.8312625
103.73722
103.8389954
103.8279671
103.8487355
103.8446935
103.842995
103.7881842
103.7313626
103.8824999
103.85674
103.8327193
103.82203
103.8494194
103.841681
103.7376562
103.85043
103.870173
103.8549053
103.7310891
103.7183594
103.8393125
103.82203
103.8395393
103.8279349
103.8468008
103.8436659
103.8536
103.8878
103.8183732
103.85204
103.7929898
103.8548346
103.8464494
103.857018
103.8646103
103.832764
103.832596
103.8856982
103.8447178
103.8442493
103.8569441
103.8522508
103.8857344
103.8356878
103.8585873
16.8942082
19.9276183
16.924968
21.028538
16.4432943
18.1087558
15.9729381
16.3517128
13.866587
13.6353543
13.824558
16.014193
15.9476092
17.0377393
19.379848
15.851707
15.942948
18.2166585
18.0606728
12.997809
10.1998478
18.0589599
12.5762729
24.938133
12.5797357
18.0615889
18.0662154
24.9553307
12.5433824
18.0831757
13.8260946
12.531851
12.5372477
10.3962939
10.2088178
12.5426814
12.5770331
10.7397842
10.2049453
11.9763963
12.5750746
18.0762572
12.9976361
12.5699566
18.0694862
12.554741
18.0456255
10.4375066
12.5850571
12.9964683
12.5851885
106.6892557
106.7102507
105.813091
106.7003301
106.667711
106.66935
105.8461533
106.744484
105.84916
106.684843
105.8470844
105.8575655
106.6909017
106.6820208
105.8419136
106.7015969
105.8545007
106.69103
106.67351
105.82236
106.704478
105.8461911
106.6891356
105.8476631
105.8472363
106.6952881
105.8431101
106.7042447
105.8488224
120.104276
120.1674274
120.1907208
120.1720154
120.10235
120.1252308
120.1759195
120.1384528
120.1738
120.140837
120.1563349
120.16679
24.8268949
24.8067031
24.7307283
25.5958631
24.7819305
24.7604768
55.2432303
55.1406544
55.29564
55.1986415
55.3004585
55.3108484
55.3184046
55.2617475
55.3404848
55.2834042
55.1684001
55.2449969
55.2924909
55.29563
55.1427239
55.1412528
55.2541673
135.712308
135.78866
135.685183
135.824628
135.683251
135.732245
135.950916
135.730208
135.807866
135.707086
135.833375
135.817442
135.742349
135.791298
135.764071
135.829041
135.836008
135.706132
-82.4826553
-80.1897218
-80.1438865
-80.2432039
-80.3127412
-80.1844276
-81.3643236
-81.3561373
-81.3576352
-80.201337
-81.3961169
-81.3526243
-81.5906446
-81.3464706
-80.2287433
-80.1918868
-80.1927977
-82.3264981
-80.2625275
-81.4233487
-80.1915611
-80.2154214
-80.2004971
-80.2230997
-81.36296
-80.2610106
-81.3270998
-82.459512
-80.2009939
-81.3433285
-80.2586961
-80.200688
114.1666221
114.02933
114.0314235
114.1322821
114.1694396
114.1920637
114.1709132
114.2093509
114.16668
114.1663677
114.15816
114.1614096
114.167496
114.029175
114.207715
114.0336538
114.1977477
114.1863857
114.1387421
114.15475
113.5482522
113.53757
114.1882405
114.1788375
114.1635554
114.1741767
114.1922266
114.1666817
114.2289404
113.56397
113.55135
114.182205
114.152509
114.1364004
114.191642
114.194276
114.1421294
113.9820092
114.1529359
114.1903707
114.1547422
114.1544658
113.5372218
114.1770548
114.1576886
114.1650113
114.1723363
114.1771576
113.5436374
114.2000899
114.1390387
114.1683923
114.1780339
113.5583015
114.1775046
114.1982237
114.1500183
114.18335
114.1710599
114.0596883
114.15469
114.1856413
114.1526142
114.1916897
114.1705644
114.223114
114.1629298
114.1468575
114.143005
114.1683101
114.129161
114.2701898
6.5212195
5.1194579
5.9791434
3.5591863
4.887348
5.7005616
5.1899938
5.0442561
5.7041216
6.0702257
4.8560325
4.5457368
5.6678474
6.4414
5.84632
5.7576131
6.5811284
6.15299
4.8774061
5.4602529
5.1973007
5.8746657
6.0957422
4.6368529
6.113027
4.5063672
5.946087
5.6982345
5.1612772
5.3080751
4.608605
4.9152348
6.9652
4.8121482
4.4349494
6.24725
5.4748279
4.4858109
5.9735796
4.4821023
5.921277
4.5584448
4.2993645
4.3158581
4.9637424
6.1878507
4.3095595
4.4744446
4.939242
4.3559388
5.3088391
5.797044
4.5875022
5.2529574
5.1274096
6.4241389
6.293137
4.9145821
6.0910335
4.900192
6.28698
4.8939984
5.962875
4.3157646
5.3971042
5.0635382
4.9079181
5.3653789
4.9026838
4.9433137
4.3981005
4.8943852
4.8887114
5.2239578
4.912873
5.1972246
5.9839903
5.8633481
5.0926538
5.8709435
4.4913759
6.1669729
5.799389
4.8981164
5.8687503
4.3058239
6.1259145
5.2435447
4.4783097
5.9758051
5.7744404
5.4017794
5.9881951
4.536081
4.4860055
4.8952632
6.34568
5.7354752
8.0686988
13.4174949
6.9536473
11.5794095
9.3551739
8.1834425
7.6504824
13.4477081
8.3817537
7.4238434
11.416266
7.9610555
13.224184
8.3898405
8.5089606
10.8719577
10.1436796
9.8699692
10.1433009
7.7246956
8.1420419
10.3314899
11.7608816
11.3848389
9.4770678
10.0363909
12.3969029
8.1317987
8.3269829
8.8330512
6.991215
10.8870968
13.3171625
10.0993592
9.975697
9.920434
8.3582767
7.8695107
14.189415
10.934337
7.5316
10.2994884
9.5872063
6.7740666
10.3263388
11.8989304
13.3129282
9.6003008
9.9934917
13.389678
11.043112
6.8076582
8.0717333
9.8537702
13.7611912
6.183315
11.0904933
7.3561764
13.3394824
7.1838586
10.3640408
6.7555967
9.2550744
11.5753079
12.0385027
11.5788632
10.1152199
11.5479564
12.46294
12.7426818
11.5299634
10.0911825
9.6199383
7.7097437
11.059657
9.2299413
9.2967738
12.7016902
13.4270437
11.5750231
8.4353115
7.9526309
8.6382426
7.1181193
6.7923156
7.0612283
9.4150693
10.6527708
7.1122737
9.1799389
8.8012932
8.1060995
7.7056066
11.2473851
7.7074253
11.0808146
11.8183901
9.448115
14.3562892
7.8914622
6.850706
7.2913239
13.084969
12.161095
11.0187956
11.8892982
9.2776278
12.685852
9.9587661
8.2668271
7.5570685
13.4081284
7.9883183
9.1500891
9.7855218
7.6563503
8.4277185
8.7965146
12.9146321
9.7967534
7.7309961
9.1642061
10.1114846
10.2166961
9.1943389
8.8011255
9.8030252
8.1231943
13.4618151
11.137494
9.33416
9.3809385
10.278386
8.2506409
7.4282786
12.2336919
9.1520453
9.1503916
11.6790915
10.567242
8.1290991
7.0113621
11.1423405
8.2789106
8.8139015
10.2771504
6.9269568
7.0085988
11.6570272
10.9737874
8.1504159
10.0192513
8.5770144
8.7500984
12.282465
8.4233956
8.3300626
12.0985134
9.3966573
10.0627798
8.3173627
8.9810497
11.1508744
7.6616342
11.4912483
6.4649596
8.3131069
11.5699476
7.924922
10.076248
7.2691606
10.0897441
13.5963903
7.1185216
12.0948647
12.1349498
9.3637585
7.7918458
8.3784909
9.4073978
10.8175862
10.2707118
10.4052931
12.3742568
8.6704785
6.9622423
10.0314918
8.464392
7.5157151
8.9743314
10.1228444
9.8744203
14.2762774
8.227436
9.2250855
11.7119674
6.8832272
7.2693778
9.34921
7.9531819
9.4297146
11.5956557
7.8929768
9.3651236
9.3814693
9.1765899
8.462163
8.657648
7.2049366
7.6046533
6.9415735
9.8649527
9.7159871
9.36679
9.970912
8.1051264
10.6953005
8.4152105
10.0649224
7.773248
9.432333
8.6137046
8.7449979
11.8226984
12.7038514
11.5536503
10.5770158
9.6909185
7.8554814
11.6844795
11.4139904
10.0124766
8.0578853
9.3553993
9.9663367
7.685173
7.5312635
8.6247775
11.6297813
6.5351667
13.7301971
8.0051654
13.4168487
8.2580163
11.0997022
8.0873792
13.6234676
9.9632635
8.188156
9.2302406
8.2119326
13.4310576
11.4204439
12.1388095
9.269194
12.2316393
9.7338238
11.03117
10.318943
7.8496256
7.397321
7.0146802
12.9003905
7.6290732
6.7785896
12.4373777
7.9600901
11.5490661
13.394061
9.9803278
13.9430546
-3.7560547
-0.130728
-2.7186007
-2.3649495
-2.6460622
-4.659609
-3.4646891
-2.2368382
-1.1527683
-2.2456707
-1.1613028
-1.1441974
-3.4294235
-2.6049987
-5.9267975
-0.2045731
-0.1295203
-0.0747543
-0.1617268
-3.7176795
-4.1473599
-1.6046544
-5.6501159
0.458329
-2.7172663
-1.7645118
-2.3621436
-2.6324229
-2.7225173
1.330358
-4.4549325
-0.1356086
-2.2761856
-0.0743226
-0.4929929
0.0535055
-0.1316524
-2.5993811
-0.5579102
-0.4395277
-2.1592274
-1.0894785
-5.31612
-0.13654
-0.2661511
-0.5247705
-3.0116422
-2.5991738
-3.5783436
-2.5943617
0.80844
-0.080466
0.5606237
-1.8261734
-0.1353635
-6.6454075
-6.9092443
-6.2622465
-1.6616085
-4.939904
-0.1399223
-0.1392668
-0.1410519
-0.1024475
-0.0736928
-8.5229311
-5.9335386
-8.4684363
-6.2647003
-3.1993193
-6.2653266
-4.2847345
-6.1778717
-3.2146265
-9.0611666
-0.183753
-7.9403616
-6.2266488
-6.7193971
-0.132765
1.3794152
-0.1017896
-0.0900885
-0.0977828
-0.1004633
-7.1082172
-10.2706295
-8.0019275
-2.8309937
-9.0534357
-0.1337855
-0.1938067
-0.1307286
-0.0593632
-6.2956599
-6.2757384
-5.8333093
-0.882792
-0.1264864
-0.1415253
0.0236499
-0.1360059
-0.0819316
-5.9377502
-0.142865
-0.7262041
-4.2903888
-0.0898951
-0.0732448
-0.1075123
-0.1262224
-0.0818881
-4.2349737
-2.5174638
3.2582294
5.1991274
5.5835107
4.4225739
4.3462076
4.1557195
4.3351837
4.8871946
3.89029
3.752499
4.5148711
4.4332612
4.1784848
5.547772
4.3617161
4.4293
3.2198033
5.1746766
5.8508777
4.8712735
5.8230259
3.9544531
3.7403467
4.5127768
6.102803
3.0031496
4.4250563
4.5753953
4.889297
4.3554714
4.3905601
4.4023987
2.6625424
2.9391928
4.5743318
6.0282096
6.0083962
4.3559096
5.4572404
3.9522093
3.3137961
4.9580899
4.3458637
4.7999825
5.7331363
5.6155248
4.406656
5.8387786
4.1866782
5.3406361
3.7231435
4.3295724
5.5892796
4.4093365
5.835839
5.5810823
4.3489461
4.9156102
4.4928932
4.3179401
2.8657983
4.4526105
4.4541659
4.246376
4.9494174
2.6387985
3.0559647
5.5916299
4.3551061
6.1324737
6.0990145
4.3796105
4.42034
4.3002965
4.8272052
4.8802927
4.8363938
5.2196006
3.9558958
3.4886779
4.3547766
4.3396476
4.3660412
4.9135304
4.3450017
6.1258565
5.7847151
3.837656
4.9694099
5.6063558
4.3647629
4.8715038
5.2405126
4.3694573
4.1696559
4.4075821
4.7539317
5.5779576
5.4654266
5.3182193
4.3146424
4.3641344
3.2591907
4.2896264
4.426231
5.8600872
4.2755422
5.3665525
6.136076
4.8621577
4.3459105
6.0382506
4.395742
4.8705114
5.8628632
5.2214156
6.0561726
5.6776169
5.791728
5.5755279
4.8777143
4.3598302
3.2144932
3.4265227
4.3965885
5.188642
4.0678216
4.3928018
4.3269827
4.9046574
4.0382135
5.1954385
4.4101331
4.4194158
4.4461496
5.6902808
4.3230082
5.4875526
4.3438898
4.9325012
4.4040502
4.8750466
5.0096033
5.1158029
4.36016
4.2627659
-3.5728737
2.3373871
2.32983
-1.5657453
5.0485989
6.6665858
-2.1007568
1.7592759
0.8506476
4.8039181
4.8349714
0.7450464
6.3036622
2.3340394
7.2828128
2.3797202
7.0646491
-1.6110704
4.0624497
4.851688
0.4674128
4.8477126
6.1232069
7.80047
4.4357631
3.2090457
3.9312468
2.0433532
0.8159677
1.182383
2.3852545
7.26433
-1.5249411
3.8982964
4.908016
-1.5558584
5.7575593
4.7825229
-4.53556
2.3508114
1.4469377
5.4714242
-2.3275021
1.2006923
2.3062427
4.8070854
-2.0251233
-2.3025745
4.0636404
1.1373639
6.7000265
7.5355895
2.240886
7.3249812
4.8398381
4.8434583
5.03234
7.7495037
2.35059
2.2193276
4.8437151
4.8549037
1.6621716
4.8516138
4.9696133
6.7369235
5.49449
1.8495831
6.6435838
0.6140497
2.148724
2.3407373
2.3521222
2.3386558
1.2954536
6.8700563
1.0074809
1.1458837
0.650735
2.3856352
-2.7663882
1.9111469
-0.25908
2.6836877
7.1935728
5.6158577
1.8980057
-0.0909535
-1.33373
5.1074476
-2.8724528
4.9029032
3.9540074
6.3946225
4.0730311
4.9454338
1.5407975
-1.1974514
1.5221149
2.3346319
2.310224
2.3631496
4.3889573
6.127509
4.725821
5.7723305
2.441789
4.3943331
4.3873168
-0.319367
1.44051
2.5118115
5.0410635
6.12048
5.76026
1.3299006
7.0120202
3.0038801
1.083655
7.2718323
7.0145284
2.3685454
2.3275939
2.2952226
2.3824694
-3.3579756
2.3409033
7.18412
5.4948113
3.9614171
0.1848401
5.0394574
5.4564853
6.1228744
4.0825847
1.5330328
2.3540461
2.3081096
2.3211699
1.1918874
4.624226
1.908112
2.3806195
2.3478903
1.8232433
0.4070622
5.9241142
3.0824063
3.841321
2.3346748
1.6941
2.9358838
3.0462342
-0.5083354
-0.8765558
3.197085
4.7498852
2.244465
3.184899
3.2877517
1.5315632
2.3399142
2.3149935
2.3444157
2.3613799
-1.5781939
4.6652795
3.0215572
4.92875
5.8225646
5.3456859
-1.0934672
2.8825113
-1.2325073
7.2655719
7.3049688
1.428599
0.5436827
-0.7019807
7.4184796
3.8883818
5.04689
4.3949041
7.2730239
-0.4480447
-1.2288191
2.1771463
2.2456883
7.2623713
8.8458305
-1.3797735
4.9456783
5.8879472
4.173191
6.3658287
-3.9166643
3.0804584
4.8078128
4.8076681
-0.7008366
2.4469405
4.8063376
-0.6991351
5.0718254
1.4880963
1.4542
6.2244199
-2.9786606
7.2345807
2.4015398
5.4489366
0.6177651
5.0806265
-4.491122
-1.577407
-1.1466525
-0.5580888
6.9506039
1.4441196
0.2961944
5.8550159
3.4258809
4.8865415
2.6405019
4.6250769
3.8733614
4.8048385
-1.0220107
-0.5767159
1.6354079
4.80747
3.0864437
4.0985415
5.8234481
3.4219482
2.401544
1.1379741
-3.3651664
1.5255687
-0.6249336
7.1903845
4.80087
2.4801504
0.4826236
-2.73911
5.2272856
-1.0948541
0.0844569
-0.1291704
1.4984218
-1.6059891
5.4200127
1.4444186
7.1360919
-2.9673556
5.0342051
6.5356996
0.1111413
4.087726
7.3819396
2.4832587
-2.8250483
4.839592
2.6431808
4.6186956
-2.5525543
-0.62401
7.2200675
2.1947908
-2.5154108
1.125466
3.8558848
2.4422211
0.1581694
4.7433743
0.14939
-1.0131786
-2.760805
7.2762832
7.7551838
1.7384463
0.2223091
5.1133033
-2.0265926
5.7225946
-1.6827619
2.3560498
2.490399
6.973045
0.9437543
2.8391881
1.7724975
7.4002839
-1.0052604
-3.8398
2.3100155
0.6557141
5.0986434
5.12659
2.8804252
-2.1445203
0.74974
2.2985472
-1.1357578
0.6115117
2.3204462
7.2648092
0.1010396
7.2973335
4.6653987
-4.2987684
2.3479318
2.2992616
-3.4752927
-4.0725792
-1.4425987
6.3032316
1.063564
-0.2244992
5.0425494
-2.0233676
6.1227595
2.9562153
5.7863878
3.4484177
0.0893202
4.8074112
5.387954
4.0823265
7.055146
2.6196977
2.3233172
2.5780251
0.5461498
-1.5551373
7.1568596
3.4265699
0.289254
3.077339
-1.2677766
2.3873686
1.2729812
7.2581969
7.6590408
-1.43327
-2.2426451
-4.7705551
2.31057
5.4395128
3.7992263
1.1249775
6.5063173
-1.48276
3.8755226
-0.5037186
8.90319
6.551272
4.8476636
7.1426447
6.57439
3.2155488
5.8315318
2.3442328
4.7121761
-0.0776368
0.5962514
0.9839722
7.275987
3.3318984
0.2323132
4.8357862
4.8333564
2.2291836
3.75673
6.1659064
6.1781836
5.8015098
4.0505208
5.3847047
0.2271728
4.7388388
3.699485
1.4224043
-3.455017
0.4255419
0.2329105
3.0032348
0.0940778
6.1964034
-1.81778
4.8477261
7.0802252
-0.8608496
7.4552974
-2.298846
7.1941984
2.2726178
2.3595742
4.7301958
5.6983023
3.2890988
2.756809
1.5129695
-0.554685
3.0529174
3.69648
3.9982288
1.4807838
7.750496
6.5912584
14.5193119
14.5121358
14.5154164
14.3615998
16.37633
13.0576525
16.3818079
16.3811943
16.3613574
13.0485187
16.361521
10.1717676
16.3717669
16.35299
116.333821
116.410128
116.458486
116.4812986
116.39342
116.512532
116.406674
116.448564
116.40527
116.384139
116.391533
116.325247
116.462581
116.3735196
116.367123
116.3602
116.383063
116.4257122
116.3872
121.4553952
121.554772
121.510812
121.4550625
121.47053
121.4510119
121.491658
121.469672
121.4580333
121.429505
121.489489
121.452217
121.476826
121.46196
121.4756813
121.456695
121.442967
121.475334
121.464584
121.458521
121.489489
121.487434
121.501429
121.488596
100.333995
100.3209241
100.3353623
100.3208021
100.3402131
100.3031369
101.7208803
101.7101568
101.69863
100.341149
100.47592
101.7110243
101.6752549
101.6669994
101.7144029
100.3359853
100.4595148
101.6902178
101.7163087
100.333816
100.33113
101.74155
100.4499631
100.3342068
101.7075277
101.6373436
100.3303836
100.3273692
100.3406223
101.6538542
101.7005017
101.6987484
20.4610962
98.9970996
100.4032638
98.3257581
98.9776955
100.381552
99.0332853
104.8688754
105.4998701
100.5691202
98.3875385
100.60023
98.3805976
98.2413889
100.5569288
100.5063509
100.52594
101.4315403
102.0874393
100.5914895
100.6496579
98.3052386
100.724102
100.55035
100.4693957
100.42131
100.495455
100.3938304
102.81411
100.5804553
100.4027721
100.5529214
100.5786392
100.6771662
100.5886687
98.9752923
100.3280304
98.3278229
98.2553505
98.8217167
98.3462373
100.5106893
100.4983633
100.5461304
100.5110699
100.541985
100.5609138
100.5155168
102.7861597
98.9937575
102.8362486
102.8359853
101.374091
102.0562333
104.8580126
99.0017724
98.5328638
98.6225206
100.5358452
100.4439937
98.3053099
98.28127
99.0022428
99.0077035
100.52533
98.9692
100.5025112
100.53506
98.3335225
100.5040071
100.5162392
100.6123616
102.7890064
100.47727
102.7984954
98.9548711
98.9992155
102.8359528
102.7846242
98.975429
99.0008977
100.5176358
100.5476529
98.3906815
98.38205
100.51112
100.5022182
98.3906865
102.0735684
98.9514748
100.4216636
100.587971
102.094079
100.5516351
100.4851172
98.9958095
100.4908793
100.4711462
100.50015
98.2542178
100.52532
100.28264
100.51952
100.52599
100.5092826
102.7876492
100.5863744
102.8590017
104.8646015
98.2565435
100.5225294
98.27489
100.510266
100.51349
100.53272
100.4199618
100.5119654
102.76721
100.5238
98.981171
100.5241219
102.0974843
102.0615824
102.0101345
104.8668296
98.4031906
104.8155507
100.552816
100.5435713
98.4190764
98.3672688
98.3802222
100.5704868
100.471908
100.4066988
100.6545778
102.7735933
100.216059
100.5118008
98.9675314
102.8364073
100.5393175
98.29896
100.62123
100.570427
100.5122787
100.5356793
100.50626
100.570145
100.6210939
102.7357086
98.9932033
102.78071
102.8337902
100.5144761
98.39319
100.51544
100.54376
100.5041544
98.9897008
100.5977885
100.2201909
98.9987035
99.0086633
102.8333789
100.536199
102.5410765
100.53573
98.3825047
98.397386
98.39034
98.3927229
98.3908847
100.4482496
98.37198
100.516869
100.5635
98.38796
100.56461
98.3860608
98.9776104
-0.9045708
-0.3233991
-5.5703896
-1.5339959
-9.1241681
-3.0109448
-8.6888439
-2.9235077
-9.1425152
-3.697722
-0.3744114
-7.6497664
-9.1827708
-6.4176702
-4.41815
1.2411467
-8.6057703
-3.7004854
-8.7415259
3.8408278
2.1657336
-2.923103
-0.7974394
-1.9261464
-0.5552538
2.0872822
-6.0552439
-16.3519798
0.7771709
-7.1505648
-1.6277656
-16.532373
-0.4376742
-8.9775212
-1.2236069
-13.5648771
-3.1235193
-4.4894288
-7.5049872
-6.0359501
0.4668783
0.2928459
-5.017674
-3.6886987
-8.5606375
-5.8839687
-1.9025579
-8.8140217
-15.528073
-0.572461
0.7052084
-1.8600131
-17.8418976
-2.1369292
-16.6997172
-8.2972531
-0.3249263
2.2065718
0.1201515
3.1324018
-6.3542926
1.5346632
-13.5389613
-3.6793775
1.9961897
0.6878907
-6.2931344
-8.4047628
-8.4133481
-4.7693772
2.1444062
-8.5492085
-4.78245
-9.2845387
-6.2939386
2.6344902
-7.044933
-3.6841129
2.1541091
-16.2530444
-9.1805237
-7.4294786
-9.1430035
-16.919317
2.1209594
-0.3903405
-5.1687994
-8.403248
-15.4170792
0.0611085
0.1059427
-0.0370276
-0.420869
0.4338135
-2.9329932
-15.43104
-4.7297281
-1.6438512
-8.241848
-7.9145034
2.9009914
-4.7886147
-5.760252
-3.926333
-0.4407907
-3.7136409
-16.9747188
-6.0481407
-8.9010617
-7.8611341
-4.0687364
-8.5912502
-1.6862454
-3.69348
-8.8102638
-3.69075
-0.7868152
-5.9964807
0.0203601
-5.9845016
-3.6990876
-5.919442
1.3833486
0.8445536
-6.6467007
-8.5416144
2.0506522
-3.6978122
-6.4901517
-3.8013494
-5.5734199
-1.9199004
0.3367735
-8.4029773
-5.784549
-8.8366845
-8.772368
1.1888272
-8.4825408
-5.566833
-3.7958258
-1.0444166
-3.6940302
-8.6297465
-0.0993829
3.1288292
-3.499857
-0.1008078
-0.1007192
3.1484922
-4.7973683
-3.7153154
-5.9919358
-7.9342854
-5.7487157
-5.264054
-6.3514916
-3.0474651
-3.7978523
-8.5469959
-1.1278293
-0.3377657
1.7811167
-4.087061
-2.7582599
-3.8025956
-8.5354481
-8.5414465
-0.7544101
-8.7352114
-5.3610677
-1.1388769
-0.4832008
-3.695362
-4.7783671
0.4648088
-0.3179962
-3.5364549
-5.753258
1.614032
-5.9306744
-3.6930868
2.1391358
-0.4048128
-0.7512234
-4.0049042
-0.3835095
-8.6858779
-6.7514703
-8.5396233
2.011635
-7.4705264
-3.5960004
-5.8598402
-1.7507215
-1.6356638
-0.4990203
-9.1993882
-2.9492449
-3.7156073
2.4436912
-3.3672066
-6.1184008
-1.8675902
-0.3774551
1.4621788
-2.0884093
-6.1278612
-5.6630782
-5.6629946
-3.0144824
-8.7103685
-13.6802093
-8.59263
1.4029806
2.2986879
-0.3702585
-9.1514318
-0.4030128
-16.925279
-5.0818996
-8.4427506
-8.5710012
-6.7476006
-8.7495746
-4.7504631
-3.6974694
2.1565422
-0.9605619
2.851352
-0.69566
-8.6768849
-2.5952528
-0.3643917
-5.3169818
-4.5333929
-0.7340379
-3.6775299
-6.62185
3.1006407
-8.0718486
-8.4039449
-8.7127237
-8.1986648
-8.5381375
2.1524746
-3.6784386
2.755083
-8.2918132
-15.41926
-8.5001761
-0.688372
-2.447447
-3.6878617
-3.6838762
2.0115738
-0.8681
0.617187
-3.6298343
-3.7053531
-8.5399848
2.7115715
-8.4309703
2.1397846
-8.6752408
139.706358
139.780418
139.722005
139.712254
139.762667
139.755622
139.789306
139.717125
139.673654
139.759538
139.699265
139.666648
139.734375
139.724899
139.710456
139.761277
139.681147
139.8463681
139.678335
139.722579
139.704233
139.728331
139.742547
139.681984
139.761527
139.68194
139.7406406
139.730528
139.673876
139.715191
139.731081
139.765457
139.6799397
139.7659834
139.704847
139.768817
139.773726
139.7347392
139.704283
139.768806
139.680787
139.720974
139.764968
139.66631
139.595811
139.722594
139.731574
139.707745
139.784565
139.695969
139.702122
139.797106
139.7939736
139.773232
139.669812
139.716589
139.65207
139.726132
139.730932
139.693733
139.686847
139.638723
139.634961
139.721697
139.650979
139.672178
139.761755
139.713757
139.689062
139.602984
139.761602
139.737004
139.734823
139.707711
139.73945
139.75356
139.782407
139.711835
139.769195
139.714222
139.798036
139.68909
139.6834447
139.72294
139.592358
139.779314
139.695133
139.731691
139.802687
139.70121
139.722767
139.69341
139.79909
139.772058
139.680746
139.761527
139.649926
139.654504
139.770859
139.715464
139.789854
139.712521
139.726435
139.675734
139.731423
139.765043
139.682312
139.742052
139.727171
139.677304
139.765529
139.763641
139.755654
139.722681
139.6438801
139.734214
139.784335
139.72407
139.792443
139.659091
139.736306
139.690794
139.784006
139.729926
139.701032
139.68897
139.730213
139.783602
139.773007
139.785586
139.679189
139.706435
139.811166
139.770106
139.703514
139.784489
139.772953
139.728912
139.722943
139.710491
139.739514
139.733849
139.825702
139.7217713
139.711199
139.599232
139.792083
139.79104
139.773731
139.758345
139.692499
139.608962
139.722653
139.752119
139.638647
139.732996
139.69756
139.755408
139.685082
139.7444894
139.6347
139.721944
139.794528
139.685344
139.731756
139.7503781
139.70736
139.609392
139.7267
139.694706
139.6920733
139.718071
139.729913
139.735752
139.707969
139.723318
139.721829
139.684517
139.618127
139.768819
139.713803
139.690587
139.710108
139.732803
139.751142
139.820078
139.704849
139.729481
139.781217
139.599879
139.734724
139.75941
139.709
139.636268
139.692365
139.619744
139.695876
139.799983
139.693748
139.707493
139.773322
139.68257
139.794753
139.653266
139.771142
139.722832
139.778075
139.743634
139.769713
139.73633
139.682324
139.763968
139.798513
139.786941
139.788273
139.724753
54.3881576
54.4944956
54.4965237
54.4148158
8.013935
11.1951088
10.9400019
15.3337179
14.2057343
12.4749758
11.7555304
10.5189835
12.4681489
7.8784919
12.4451294
13.701862
10.2577142
11.337969
13.4017873
12.4585302
12.4723346
13.2535306
13.373358
12.3230214
11.8885636
11.9841148
10.3123463
7.3305602
12.479981
14.7442689
8.270105
10.3794418
7.3086768
8.2597607
11.2777948
10.73058
13.4820929
11.48978
13.0239803
10.99624
14.5267472
11.351547
14.7008016
18.09482
8.8975961
10.2862789
12.1374042
9.2171657
9.1223668
11.2415318
17.3445166
11.2493124
9.6639432
11.2674875
10.18788
16.025126
9.48951
10.7370371
17.578646
11.0936457
11.3003374
9.1103353
10.0340833
11.6549983
14.054071
13.87886
14.2571093
14.5050007
14.0128495
7.8551043
11.2958166
13.9734163
10.53301
9.7074027
8.7629756
8.5824987
8.4533279
7.3974799
10.2245503
8.44158
13.03708
8.64439
8.5095252
12.2116816
11.8414858
11.372941
12.6474362
12.396823
10.0072355
9.5270194
8.6888831
13.5037316
12.3569147
13.6924987
12.5831366
16.0463
11.6226073
11.0092968
9.0131106
11.7917883
12.0518678
15.2284136
12.4721342
17.51819
13.43016
7.6429555
11.3524552
15.0947663
11.47218
12.2558509
11.5357
10.5092241
15.088407
14.8327808
10.7555283
13.3315728
11.3668281
11.8175308
11.6620468
10.6762816
16.2967455
11.3455818
14.734261
10.158748
7.8505723
8.9516851
14.0876011
10.9241876
16.0672152
10.8520227
10.611003
8.3211782
13.6051717
16.1411084
12.05549
11.3364404
10.1084315
12.4762745
11.60968
10.7706727
11.0596245
7.6792853
14.2096135
7.7213729
13.9941646
13.5763684
9.9481459
16.5075033
11.791567
10.8498371
12.0169773
10.007899
15.83601
10.2995451
7.8570495
12.80761
11.9468611
7.6862316
8.43808
7.6789861
11.621564
13.5603995
9.901579
12.0786464
11.2115002
14.3723456
13.2163029
11.6666371
10.51391
15.3820992
12.7092398
12.5254052
12.4792745
10.8219738
15.279882
10.60022
7.7508274
12.7369924
7.6817442
9.9396271
11.2344884
11.907839
9.205526
9.205139
9.2208794
12.3885415
12.04119
12.5075051
13.923711
17.2287707
10.749578
10.9980274
10.3448888
11.333222
15.3543138
7.66846
8.888191
15.6249303
12.0709694
12.0355686
11.09587
16.4869587
16.297476
11.6390082
11.8759349
9.0436081
8.307799
13.3651296
7.5509969
9.9062332
14.903214
14.0338289
9.3752374
10.7550868
9.1827996
14.0654103
10.3813957
10.3150109
12.5634582
10.7544173
11.6432225
8.7210291
7.9080622
12.0885489
9.380131
12.132017
14.3348199
9.8940244
12.1151308
11.2664192
7.649048
10.6940175
12.3268121
12.2584081
12.257375
11.2153083
9.21326
9.38928
11.90544
12.0995204
14.9713893
11.8833579
13.9908288
8.486985
11.8115922
13.1445936
9.5966921
16.0786935
8.4205078
11.311626
9.2260824
11.6603203
8.3531213
14.213223
10.9565875
11.1858068
11.2612484
-123.069469
-123.1148958
-123.1108974
-123.0984515
-123.1489222
-123.0985348
-123.1008788
-123.0692656
-123.0991188
-123.0902862
-123.1192649
-123.1718186
8.8560391
8.0508075
6.899839
9.9074347
7.8283503
7.62684
7.375638
8.5122533
7.5950648
8.2805739
9.8417331
8.732469
6.8424092
9.5251837
9.2073248
9.5319702
8.3117497
8.0070279
7.9980311
7.6208725
8.5158079
9.6646913
6.6273188
8.1387888
7.9976117
9.379009
9.3796912
8.1847738
7.80783
8.5450913
8.364088
9.1051941
8.5368265
8.818702
8.6088592
6.072308
9.3877987
7.5884012
8.7180143
9.4456677
7.6474038
8.745423
8.6298166
8.7440995
9.820257
8.1867258
7.7534527
6.1407696
8.7660053
8.7824519
10.3376189
9.8109252
9.8395815
8.5292392
9.1117536
8.528971
6.140793
7.7302936
8.7106467
6.0431852
8.2913914
7.6573635
8.5533404
8.0428953
7.8601359
6.8420895
7.5736636
8.5606105
7.557588
8.5655878
6.2418366
6.1747921
8.943635
8.5553697
7.5367437
7.7964426
8.2287675
7.711754
7.0455704
7.3683399
8.7605058
9.4186133
6.416268
7.4982631
6.5086372
8.4640786
7.5354428
9.5815808
8.7852825
7.9313514
8.2901803
9.5143226
8.2476743
8.5150035
8.71306
7.2593297
6.6363952
7.211692
8.6650923
6.1446687
6.3913028
6.8838173
9.4975955
8.5147907
9.0974447
6.1447982
6.2037233
7.6941559
6.0444681
6.4158748
8.5400963
8.5284634
8.6378773
6.6362945
6.1428349
6.6611974
8.7534313
6.1659418
6.9216439
8.9498192
8.5376506
7.2083597
8.5275985
7.3413206
8.5233338
9.9177607
6.1386532
6.1549083
9.9260653
6.1401342
6.1379596
127.037424
126.98404
127.04456
127.12608
126.99689
126.947
126.9874
126.98501
126.998748
127.04271
126.94908
127.06866
126.9761
126.89189
126.92167
126.9845052
127.03898
127.036202
127.01165
126.98826
126.93456
126.96603
126.91317
126.984447
127.030072
126.92401
127.02429
126.98612
126.91706
126.97541
127.02108
126.92449
126.91037
126.98611
126.98065
126.97598
127.01245
126.9885683
127.0567982
126.91324
126.91729
126.96091
127.05524
126.9714
126.98539
126.981609
126.9567
126.99994
126.97985
126.94332
127.0188926
127.03891
126.97088
126.97318
126.99991
127.03942
126.91449
28.9736711
28.9712697
29.0374277
28.9922775
29.105524
28.9806975
28.9731042
28.9800505
28.9809849
29.0365534
-73.8684871
-73.976205
-73.9334871
-73.72809
-73.7736953
-73.8137522
-74.0090575
-73.9879053
-73.98324
-73.9881503
-73.8423766
-73.9035084
-73.9600392
-73.9568935
-73.8836391
-73.7914087
-73.8085114
-73.8343981
-73.6841905
-73.8824639
-73.8365649
-73.9504293
-73.9828147
-73.9880552
-73.9175292
-73.8909218
-73.9553455
-73.9957134
-74.0797638
-74.077255
-74.016067
-73.99616
-73.9924978
-73.79398
-73.8127924
-73.9723305
-73.98702
-73.984228
-73.8912572
-73.9212189
-73.8764403
-73.915939
-73.977005
-73.9096505
-73.921715
-73.8767
-73.95857
-73.97444
-73.9797615
-74.02772
-73.8276588
-73.9607087
-73.93411
-73.96565
-74.074715
-73.9854205
-73.9431171
-73.8542303
-73.98442
-73.977394
-73.8099321
-73.988464
-73.95604
-73.9600855
-73.9895477
-73.9867528
-73.99188
-73.9974181
-73.9127312
-73.98482
-73.9557659
-74.0301038
-73.9998044
-74.003079
-73.9503574
-73.8882875
-74.0019829
-73.998463
-73.993827
-74.00354
-73.9962
-73.98616
-73.9970594
-73.9533994
-73.959801
-73.9272147
-73.8867319
-73.98743
-73.9570421
-73.998116
-73.98434
-73.803024
-73.95009
-74.00166
-73.9969395
-73.9568423
-73.9003727
-73.9586245
-73.9879379
-73.98119
-73.7890443
-73.9667467
-73.9814087
-73.9829381
-73.995614
-73.8887392
-73.98443
-73.8987909
-73.8327945
-73.97339
-73.9450002
-73.9829882
-73.9314679
-73.9872087
-73.9798982
-73.7647994
135.774266
135.756581
135.483463
135.498115
135.770269
135.780687
135.521002
135.500978
135.506074
135.774304
135.77426
135.777905
135.748545
135.767897
135.766965
135.491489
135.770641
135.506154
135.511771
135.774054
135.49837
135.772976
135.505954
135.784817
135.767488
135.673591
135.483948
135.512094
135.759749
135.511225
135.467391
135.777969
135.780809
135.52591
135.750532
135.762464
135.513621
135.795684
135.763293
135.497813
135.765988
135.512233
135.499447
135.487931
135.771068
135.77051
135.7660639
135.499498
135.51413
135.484747
135.73891
135.768649
135.496901
135.496178
135.766043
135.493018
135.511815
135.502596
135.762028
135.774453
135.762039
135.753257
135.503375
135.515754
135.513839
135.779993
135.504356
135.517805
135.731301
135.76802
135.510133
135.75709
135.762629
135.501618
135.505479
135.503772
135.48512
135.777574
135.49827
135.500009
135.746727
135.747584
135.485985
135.503024
135.778226
135.759335
135.792333
135.497627
135.768827
135.77903
135.789741
135.759021
135.514358
135.498388
135.505262
135.764033
135.791384
135.504684
135.512534
135.766879
135.494844
135.490588
135.507331
135.516878
135.768857
135.494299
135.518023
135.498674
135.750025
135.492143
135.774741
135.766508
135.771054
135.481961
135.510031
135.778449
135.517979
135.512546
135.507531
135.784803
135.762555
135.510223
135.765853
135.497821
135.499911
135.790596
135.761845
135.493332
135.503206
135.497213
135.76286
135.764055
135.763199
135.758838
135.774488
135.500532
135.756882
135.513967
135.529687
135.505318
135.490051
135.7688
135.754133
135.472155
135.767048
135.513074
135.779152
135.764702
135.758517
135.496639
135.76321
135.505178
135.4956797
135.51217
135.81588
135.767929
135.512354
135.529216
135.497688
135.763218
135.781546
135.500302
135.761501
135.770015
135.760096
135.514186
135.743685
135.77314
135.505253
135.497845
135.516897
135.511103
135.506076
135.773987
135.76339
135.774308
135.507452
135.740464
135.508132
135.494939
135.49756
135.765714
135.731701
135.499252
135.51606
135.535979
135.493965
135.760943
135.770037
135.748209
135.769454
135.7806341
135.500513
135.770716
135.498827
23.7449691
23.7323284
23.7132013
-79.413589
-79.3447567
-79.4117831
-79.4198947
-79.4257
-79.4644635
-79.4488027
-79.4380115
-79.3224687
-79.3972932
-79.4006692
-79.4100717
-79.4016321
15.1692284
13.9801944
16.1489409
13.8162299
14.5092591
14.0277163
14.5061621
-79.4086449
-79.2672553
-79.3524022
-79.3758149
21.0442343
21.0220599
21.0046741
-77.0417544
-77.0000413
-77.02382
-77.02381
-77.0644436
-77.01227
-77.02215
-77.03204
-76.98891
-77.032845
-77.02449
-77.000327
-77.043915
-77.0328526
-77.0284644
-76.98566
-77.02183
-77.0389877
-77.01365
-77.0284184
-77.0254729
-76.997
-77.03842
-76.99799
-77.0424732
-77.01634
-77.056946
-77.05726
-76.986694
-77.0206
-77.0384634
-77.0021729
-76.984322
-77.0349271
-77.02198
-77.024186
-87.6718213
-87.704885
-87.6975363
-87.6635142
-87.6234256
-87.6629575
-87.6467505
-87.6487548
-87.6670278
-87.6792863
-87.7071651
-87.6758378
-87.66012
-87.6724047
-87.6441621
-87.667465
-87.6283518
-87.589292
-87.6531795
-87.62148
-87.6353304
-87.6443785
-87.6550435
-87.6243468
-87.7067933
-87.70744
-87.6872963
-87.6426342
-87.6604097
-87.6464616
-87.6601691
-87.696
-87.630914
-87.6352819
-87.64785
-87.67082
-87.6405573
-87.5982341
-87.72764
-87.723342
-87.6743282
-87.6976607
-87.648787
-87.64343
-87.74698
-87.647322
-3.6806748
100.39562
98.9971014
100.5680738
98.987436
-6.128479
-3.69805
-4.7684271
-2.6724917
100.50238
98.9872938
98.34575
99.0422503
100.530835
2.1357994
14.4241798
14.3992062
14.4507679
14.4022425
14.4547205
-46.7116546
-46.6638066
-46.6752
-46.6583618
-46.6890029
-46.661663
-46.6807291
-43.1800341
-46.5593442
-46.5816442
-46.6981492
-46.68576
-43.2070274
-46.6467795
-46.6674954
-46.662113
-46.6909206
-46.66407
-43.2052303
-46.6786397
-46.6636877
-46.68242
-46.694927
-46.651875
-43.1840026
-46.6775033
-46.6625737
-43.206113
-43.2145699
-46.66587
-46.68427
-46.6447421
-46.6655186
-46.6455873
17.4421538
18.3537734
19.0506074
20.5940024
-105.2785678
-105.2279535
121.5500623
120.3008295
121.5595115
121.55014
-122.26893
-118.339096
-122.2530358
15.976172
10.7431602
24.9423269
12.5685864
10.7262339
10.2258461
18.0889461
10.7419292
18.084632
12.5708358
10.5873192
15.6022776
12.5681998
10.604763
10.1963525
24.8971753
24.7287568
55.2829438
55.301953
135.743501
135.816381
135.854843
135.830542
114.1492664
6.730642
4.6858122
3.5516384
5.881862
6.2886379
4.2741909
3.5194759
11.5284664
9.4806055
11.8976544
12.9542752
11.7805504
13.0061278
12.4810356
9.4323997
13.3939533
8.4034406
8.1914336
13.0048551
10.2595888
7.8375246
8.0319312
10.0801261
11.5227686
9.4555599
10.017785
9.9645847
13.4323088
13.4262909
8.737863
11.6029205
10.9344628
-4.26726
1.3805686
-0.1511724
0.4269228
-5.0660623
-2.7488493
-2.3583723
-3.5144635
-4.4297684
-2.1559164
-1.6431474
-0.30059
-1.8136092
-0.9507735
-3.1248014
-0.0219865
0.6760094
-5.2066967
-2.6052331
4.4067711
4.6784051
4.9326939
4.4086797
2.3259764
0.4108894
1.6956604
4.5652354
2.6073514
1.88764
-2.1227339
-1.4196972
4.8407778
6.0229271
0.6174979
6.5506767
5.2289638
6.1488922
4.4238131
-3.7999121
-2.7574306
98.29591
1.6415855
-15.4279542
-1.9643795
-5.2622436
0.0766469
13.8789992
9.9503694
10.9615533
8.150574
12.1756742
10.1026033
10.84993
12.54202
10.67901
12.4721696
7.5737295
8.546173
6.6641645
9.5576171
7.196424
8.6814569
8.5562311
9.35678
9.5298861
127.0363798
14.385542