28809167
2904780
36717132
55316
82326
21942296
88152
41655616
2967984
101936
22340024
8391643
9173082
366711
1306014
153405612
280602
9473000
11047744
329193
9779391
64564
732246
10078238
3832310
2089706
200517584
399443
7348328
16106851
9790151
495159
14593099
21119065
34342780
56580
4530903
12298512
17201305
1344130000
46406446
715972
68087376
4177435
4600487
20604172
4280622
11323570
150831
1116644
10496088
5570572
841802
71402
10027140
15177280
83787634
6055208
750918
4789568
1327439
89858696
48492
867327
5388272
65342776
270862
1577298
1749099
4483350
81797673
24928503
11123213
56890
105070
160858
15049280
11316351
1673509
755883
10144890
7621414
7071600
9971727
319014
1247446011
244808254
75184322
31810191
4576794
85069
7765800
59379449
2699838
127817277
6181000
16556600
41419954
104662
24631359
49779440
3239181
5514600
6366909
2059709
4388637
2032950
4079574
6288652
36537
3028115
518347
546682
2065888
21678867
15226813
28572970
377000
15639115
416268
52541
3683221
1252404
120365271
103476
3559986
37189
2759074
620079
32531964
25016921
52125411
2240161
27179237
16693074
254000
4384000
5807787
16946485
163770669
53234
4953088
3210003
173669648
20606
3681979
7001172
6293763
29759891
94501233
38063255
10557560
3686771
1905437
20147528
142960868
10556429
187434
30938
174646
28788438
13357003
7234099
87441
5908908
5183700
33435
5398384
2052843
537648
9806670
51553479
10510122
46742697
20869000
52998
179278
30615
109341
36918193
523439
1212458
9449213
7912398
21070917
7753925
47122998
66902958
1120392
6566179
104392
1334790
10673800
73199372
5106672
31727
9844
34260342
45706100
8734722
63258918
311721632
3385610
29339400
241876
29427631
87840000
105784
3927051
24234940
14343526
14255592
