200000000
130000000
100000000
82900000
60000000
48240000
47520000
43800000
43000000
39098000
37320000
33220000
33130000
31000000
30800000
30300000
30300000
30000000
30000000
29490000
28300000
28020000
28000000
27500000
26500000
26200000
25000000
24950000
24730000
24200000
24000000
24000000
23982960
23960000
23600000
22700000
22540000
22000000
20972500
20000000
20000000
20000000
20000000
19080000
19010000
19000000
19000000
18840000
18710000
18370500
17830000
